0.3745401188473625,0.9507143064099162,1.3252544252572787
0.7319939418114051,0.5986584841970366,1.3306524260084416
0.15601864044243652,0.15599452033620265,0.31201316077863916
0.05808361216819946,0.8661761457749352,0.9242597579431346
0.6011150117432088,0.7080725777960455,1.3091875895392544
0.020584494295802447,0.9699098521619943,0.9904943464577968
0.8324426408004217,0.21233911067827616,1.044781751478698
0.18182496720710062,0.18340450985343382,0.36522947706053444
0.3042422429595377,0.5247564316322378,0.8289986745917756
0.43194501864211576,0.2912291401980419,0.7231741588401577
0.6118528947223795,0.13949386065204183,0.7513467553744213
0.29214464853521815,0.3663618432936917,0.6585064918289099
0.45606998421703593,0.7851759613930136,1.2412459456100495
0.19967378215835974,0.5142344384136116,0.7139082205719713
0.5924145688620425,0.046450412719997725,0.6388649815820402
0.6075448519014384,0.17052412368729153,0.7780689755887299
0.06505159298527952,0.9488855372533332,1.0139371302386126
0.9656320330745594,0.8083973481164611,1.7740293811910206
0.3046137691733707,0.09767211400638387,0.40228588317975456
0.6842330265121569,0.4401524937396013,1.1243855202517583
0.12203823484477883,0.4951769101112702,0.617215144956049
0.034388521115218396,0.9093204020787821,0.9437089231940005
0.2587799816000169,0.662522284353982,0.9213022659539989
0.31171107608941095,0.5200680211778108,0.8317790972672218
0.5467102793432796,0.18485445552552704,0.7315647348688067
0.9695846277645586,0.7751328233611146,1.7447174511256731
0.9394989415641891,0.8948273504276488,1.834326291991838
0.5978999788110851,0.9218742350231168,1.5197742138342019
0.0884925020519195,0.1959828624191452,0.2844753644710647
0.045227288910538066,0.32533033076326434,0.3705576196738024
0.388677289689482,0.2713490317738959,0.6600263214633779
0.8287375091519293,0.3567533266935893,1.1854908358455187
0.28093450968738076,0.5426960831582485,0.8236305928456292
0.14092422497476265,0.8021969807540397,0.9431212057288023
0.07455064367977082,0.9868869366005173,1.061437580280288
0.7722447692966574,0.1987156815341724,0.9709604508308298
0.005522117123602399,0.8154614284548342,0.8209835455784366
0.7068573438476171,0.7290071680409873,1.4358645118886044
0.7712703466859457,0.07404465173409036,0.8453149984200361
0.3584657285442726,0.11586905952512971,0.4743347880694023
0.8631034258755935,0.6232981268275579,1.4864015527031516
0.3308980248526492,0.06355835028602363,0.3944563751386728
0.3109823217156622,0.32518332202674705,0.6361656437424092
0.7296061783380641,0.6375574713552131,1.367163649693277
0.8872127425763265,0.4722149251619493,1.359427667738276
0.1195942459383017,0.713244787222995,0.8328390331612967
0.7607850486168974,0.5612771975694962,1.3220622461863938
0.770967179954561,0.49379559636439074,1.2647627763189517
0.5227328293819941,0.42754101835854963,0.9502738477405437
0.02541912674409519,0.10789142699330445,0.13331055373739964
0.03142918568673425,0.6364104112637804,0.6678395969505146
0.3143559810763267,0.5085706911647028,0.8229266722410294
0.907566473926093,0.24929222914887494,1.156858703074968
0.41038292303562973,0.7555511385430487,1.1659340615786784
0.22879816549162246,0.07697990982879299,0.30577807532041545
0.289751452913768,0.16122128725400442,0.45097274016777245
0.9296976523425731,0.808120379564417,1.73781803190699
0.6334037565104235,0.8714605901877177,1.5048643466981413
0.8036720768991145,0.18657005888603584,0.9902421357851503
0.8925589984899778,0.5393422419156507,1.4319012404056286
0.8074401551640625,0.8960912999234932,1.7035314550875558
0.3180034749718639,0.11005192452767676,0.42805539949954063
0.22793516254194168,0.4271077886262563,0.655042951168198
0.8180147659224931,0.8607305832563434,1.6787453491788367
0.006952130531190703,0.5107473025775657,0.5176994331087564
0.417411003148779,0.22210781047073025,0.6395188136195092
0.1198653673336828,0.33761517140362796,0.45748053873731076
0.9429097039125192,0.32320293202075523,1.2661126359332744
0.5187906217433661,0.7030189588951778,1.2218095806385438
0.363629602379294,0.9717820827209607,1.3354116851002547
0.9624472949421112,0.25178229582536416,1.2142295907674754
0.49724850589238545,0.30087830981676966,0.7981268157091551
0.2848404943774676,0.036886947354532795,0.3217274417320004
0.6095643339798968,0.5026790232288615,1.1122433572087584
0.05147875124998935,0.27864646423661144,0.3301252154866008
0.9082658859666537,0.23956189066697242,1.1478277766336262
0.1448948720912231,0.489452760277563,0.6343476323687861
0.9856504541106007,0.2420552715115004,1.2277057256221011
0.6721355474058786,0.7616196153287176,1.4337551627345961
0.23763754399239967,0.7282163486118596,0.9658538926042592
0.3677831327192532,0.6323058305935795,1.0000889633128327
0.6335297107608947,0.5357746840747585,1.1693043948356532
0.0902897700544083,0.835302495589238,0.9255922656436463
0.32078006497173583,0.18651851039985423,0.5072985753715901
0.040775141554763916,0.5908929431882418,0.6316680847430057
0.6775643618422824,0.016587828927856152,0.6941521907701386
0.512093058299281,0.22649577519793795,0.7385888334972189
0.6451727904094499,0.17436642900499144,0.8195392194144413
0.690937738102466,0.3867353463005374,1.0776730844030034
0.9367299887367345,0.13752094414599325,1.0742509328827277
0.3410663510502585,0.11347352124058907,0.4545398722908476
0.9246936182785628,0.877339353380981,1.8020329716595438
0.2579416277151556,0.659984046034179,0.9179256737493346
0.8172222002012158,0.5552008115994623,1.3724230118006782
0.5296505783560065,0.24185229090045168,0.7715028692564582
0.09310276780589921,0.8972157579533268,0.990318525759226
0.9004180571633305,0.6331014572732679,1.5335195144365983
0.3390297910487007,0.3492095746126609,0.6882393656613616
0.7259556788702394,0.8971102599525771,1.6230659388228164
0.8870864242651173,0.7798755458576239,1.6669619701227412
0.6420316461542878,0.08413996499504883,0.7261716111493366
0.16162871409461377,0.8985541885270792,1.0601829026216931
0.6064290596595899,0.009197051616629648,0.6156261112762196
0.1014715428660321,0.6635017691080558,0.7649733119740879
0.005061583846218687,0.16080805141749865,0.16586963526371734
0.5487337893665861,0.6918951976926933,1.2406289870592793
0.6519612595026005,0.22426930946055978,0.8762305689631603
0.7121792213475359,0.23724908749680007,0.9494283088443359
0.3253996981592677,0.7464914051180241,1.071891103277292
0.6496328990472147,0.8492234104941779,1.4988563095413925
0.6576128923003434,0.5683086033354716,1.225921495635815
0.09367476782809248,0.3677158030594335,0.461390570887526
0.26520236768172545,0.24398964337908358,0.509192011060809
0.9730105547524456,0.3930977246667604,1.366108279419206
0.8920465551771133,0.6311386259972629,1.5231851811743762
0.7948113035416484,0.5026370931051921,1.2974483966468404
0.5769038846263591,0.4925176938188639,1.069421578445223
0.1952429877980445,0.7224521152615053,0.9176951030595498
0.2807723624408558,0.02431596643145384,0.30508832887230963
0.6454722959071678,0.17711067940704894,0.8225829753142168
0.9404585843529143,0.9539285770025874,1.8943871613555017
0.9148643902204485,0.3701587002554444,1.2850230904758928
0.015456616528867428,0.9283185625877254,0.9437751791165928
0.42818414831731433,0.9666548190436696,1.3948389673609838
0.9636199770892528,0.8530094554673601,1.816629432556613
0.2944488920695857,0.38509772860192526,0.679546620671511
0.8511366715168569,0.31692200515627766,1.1680586766731347
0.1694927466860925,0.5568012624583502,0.7262940091444426
0.936154774160781,0.696029796674973,1.6321845708357539
0.570061170089365,0.09717649377076854,0.6672376638601335
0.6150072266991697,0.9900538501042633,1.605061076803433
0.14008401523652403,0.5183296523637367,0.6584136676002608
0.8773730719279554,0.7407686177542044,1.6181416896821599
0.697015740995268,0.7024840839871093,1.3994998249823771
0.35949115121975517,0.29359184426449336,0.6530829954842485
0.8093611554785136,0.8101133946791808,1.6194745501576944
0.8670723185801037,0.9132405525564713,1.780312871136575
0.5113423988609378,0.5015162946871996,1.0128586935481374
0.7982951789667752,0.6499639307777652,1.4482591097445403
0.7019668772577033,0.795792669436101,1.4977595466938043
0.8900053418175663,0.3379951568515358,1.2280004986691022
0.375582952639944,0.093981939840869,0.469564892480813
0.578280140996174,0.035942273796742086,0.6142224147929161
0.46559801813246016,0.5426446347075766,1.0082426528400368
0.2865412521282844,0.5908332605690108,0.8773745126972952
0.03050024993904943,0.03734818874921442,0.06784843868826385
0.8226005606596583,0.3601906414112629,1.1827912020709213
0.12706051265188478,0.5222432600548044,0.6493037727066892
0.7699935530986108,0.21582102749684318,0.985814580595454
0.6228904758190003,0.085347464993768,0.7082379408127683
0.0516817211686077,0.531354631568148,0.5830363527367557
0.5406351216101065,0.6374299014982066,1.1780650231083132
0.7260913337226615,0.9758520794625346,1.7019434131851963
0.5163003483011953,0.32295647294124596,0.8392568212424413
0.7951861947687037,0.2708322512620742,1.0660184460307778
0.4389714207056361,0.07845638134226596,0.5174278020479021
0.02535074341545751,0.9626484146779251,0.9879991580933826
0.8359801205122058,0.695974206093698,1.531954326605904
0.4089529444142699,0.17329432007084578,0.5822472644851157
0.15643704267108605,0.25024289816459533,0.4066799408356814
0.5492266647061205,0.7145959227000623,1.2638225874061828
0.6601973767177313,0.27993389694594284,0.9401312736636741
0.9548652806631941,0.7378969166957685,1.6927621973589626
0.5543540525114007,0.6117207462343522,1.166074798745753
0.4196000624277899,0.24773098950115746,0.6673310519289474
0.3559726786512616,0.7578461104643691,1.1138187891156308
0.014393488629755868,0.11607264050691624,0.1304661291366721
0.04600264202175275,0.040728802318970136,0.08673144434072289
0.8554605840110072,0.7036578593800237,1.5591184433910308
0.4741738290873252,0.09783416065100148,0.5720079897383267
0.49161587511683236,0.4734717707805657,0.965087645897398
0.17320186991001518,0.43385164923797304,0.6070535191479882
0.39850473439737344,0.6158500980522165,1.01435483244959
0.6350936508676438,0.04530400977204452,0.6803976606396883
0.3746126146264712,0.6258599157142364,1.0004725303407076
0.5031362585800877,0.8564898411883223,1.35962609976841
0.658693631618945,0.1629344270814297,0.8216280587003747
0.07056874740042984,0.6424192782063156,0.7129880256067455
0.026511310541621813,0.5857755812734633,0.6122868918150851
0.9402302414249576,0.575474177875879,1.5157044193008367
0.3881699262065219,0.6432882184423532,1.031458144648875
0.45825289049151663,0.5456167893159349,1.0038696798074516
0.9414648087765252,0.38610263780077425,1.3275674465772993
0.9611905638239142,0.9053506419560637,1.866541205779978
0.19579113478929644,0.06936130087516545,0.2651524356644619
0.10077800137742665,0.018221825651549728,0.11899982702897638
0.0944429607559284,0.6830067734163568,0.7774497341722852
0.07118864846022899,0.3189756302937613,0.3901642787539903
0.8448753109694546,0.023271935735825866,0.8681472467052804
0.8144684825889358,0.28185477477339993,1.0963232573623358
0.11816482762165625,0.6967371653641506,0.8149019929858069
0.628942846779884,0.877472013527053,1.506414860306937
0.7350710438038858,0.8034809303848486,1.5385519741887344
0.2820345725713065,0.17743954377972282,0.4594741163510293
0.7506147516408583,0.806834739267264,1.5574494909081222
0.9905051420006733,0.4126176769114265,1.4031228189120997
0.37201808579278317,0.7764129607419968,1.14843104653478
0.34080354025301784,0.9307573256035647,1.2715608658565825
0.8584127518430118,0.42899402737501835,1.2874067792180302
0.7508710677914974,0.7545428740846823,1.5054139418761796
0.10312386883593261,0.9025529066795667,1.0056767755154992
0.5052523724478571,0.8264574661077416,1.3317098385555988
0.32004960103061175,0.8955232284962005,1.2155728295268122
0.3892016787341631,0.01083765148029836,0.4000393302144615
0.9053819764192637,0.09128667678613356,0.9966686532053972
0.31931363759041487,0.9500619670508049,1.26937560464122
0.9506071469375561,0.5734378881232861,1.5240450350608423
0.6318372121697993,0.44844552197831977,1.0802827341481192
0.29321077169806453,0.32866454536991596,0.6218753170679805
0.6725184560770384,0.75237452943768,1.4248929855147185
0.7915790437258485,0.7896181427945539,1.5811971865204024
0.09120610304869037,0.49442030470258147,0.5856264077512718
0.057558760016644284,0.5495288823237355,0.6070876423403798
0.441530501373377,0.8877041827582998,1.3292346841316767
0.3509150125520787,0.11706701642760586,0.46798202897968455
0.14299168205283586,0.7615106317174722,0.9045023137703081
0.6182180633162611,0.10112267612279024,0.7193407394390513
0.08410680611499743,0.70096913145912,0.7850759375741174
0.07276300636419353,0.8218600592903562,0.8946230656545497
0.7062422271564962,0.08134878064189976,0.787591007798396
0.08483771408519192,0.9866395785011755,1.0714772925863674
0.3742707957561203,0.3706421470668909,0.7449129428230112
0.8127995672575026,0.9472485773838587,1.7600481446413614
0.9860010638228709,0.7533781852589416,1.7393792490818125
0.37625958553091576,0.08350071669866876,0.4597603022295845
0.7771469159274368,0.558404249735805,1.335551165663242
0.4242220092469763,0.906354385094736,1.3305763943417124
0.11119748230615134,0.49262510429085915,0.6038225865970105
0.011353644767419069,0.46866064199412627,0.48001428676154534
0.05630327568183735,0.11881791626807192,0.17512119194990927
0.11752624677710488,0.6492103021160636,0.7667365488931684
0.7460448792654233,0.5833687650971596,1.329413644362583
0.9621725484745419,0.37487057952370406,1.337043127998246
0.28571208628186073,0.8685991281894603,1.154311214471321
0.22359583851945264,0.9632225394406113,1.1868183779600638
0.012154474689816341,0.969878826707639,0.9820333013974554
0.04315991195057611,0.8911431136980711,0.9343030256486472
0.5277011090862999,0.9929647961193003,1.5206659052056002
0.07379656473539886,0.5538542844013208,0.6276508491367196
0.969302535619099,0.5230978441701488,1.4924003797892478
0.6293986381352625,0.6957486889846172,1.3251473271198797
0.45454106476777323,0.6275580800840634,1.0820991448518367
0.5843143119231002,0.901158010490989,1.4854723224140893
0.04544638034145787,0.2809631895922303,0.3264095699336882
0.9504114840765587,0.8902637838909163,1.840675267967475
0.45565675278571294,0.6201325978015367,1.0757893505872498
0.2773811829811327,0.1881211597237613,0.465502342704894
0.46369840493998216,0.3533522280260528,0.817050632966035
0.5836561118508721,0.07773463696498484,0.6613907488158569
0.9743948076661665,0.9862107444796029,1.9606055521457693
0.6981617140197451,0.5360963663441204,1.2342580803638654
0.30952761628632774,0.8137950197069487,1.1233226359932764
0.6847311725538793,0.1626169393448913,0.8473481118987706
0.9109271844938425,0.822537242923169,1.7334644274170115
0.949799913291924,0.72571950838836,1.675519421680284
0.6134151959357899,0.4182430362906189,1.0316582322264087
0.9327284833540133,0.8660638895004084,1.7987923728544217
0.04521867010618941,0.026366974497252005,0.07158564460344141
0.3764633668780496,0.8105533307818329,1.1870166976598826
0.9872761293149445,0.15041689110352818,1.1376930204184728
0.5941307153521351,0.3808908566310215,0.9750215719831566
0.9699143978146032,0.8421189231357087,1.8120333209503119
0.8383287047111379,0.4686931597949703,1.3070218645061082
0.4148195023376652,0.27340707193070624,0.6882265742683714
0.056375496650927115,0.8647223762550532,0.9210978729059803
0.8129010091300776,0.9997176732861306,1.812618682416208
0.9966368370739054,0.5554317056026274,1.5520685426765328
0.7689874151805105,0.944765729882428,1.7137531450629386
0.8496473906774115,0.24734810174319766,1.0969954924206091
0.4505441353100935,0.12915941515149498,0.5797035504615885
0.9540510272587224,0.60617463445088,1.5602256617096024
0.22864280550346272,0.6717006844058567,0.9003434899093194
0.6181282404578958,0.3581627180328405,0.9762909584907363
0.11355759219962902,0.6715731955927996,0.7851307877924286
0.5203077009037933,0.7723183917356393,1.2926260926394326
0.5201635011119934,0.8521815003185401,1.3723450014305336
0.5519068387744855,0.5609379715353863,1.1128448103098718
0.876653602658345,0.40348286621239704,1.280136468870742
0.13401522845064073,0.028782676313338973,0.1627979047639797
0.755137255673619,0.6203095513534647,1.3754468070270836
0.7040797680992236,0.21296416150891073,0.9170439296081343
0.13637147558676976,0.014544665667881929,0.1509161412546517
0.350587558806597,0.5899176868546331,0.9405052456612301
0.3922440450997323,0.43747492202372906,0.8297189671234614
0.9041586944937484,0.34825546702330035,1.2524141615170488
0.5139894891598108,0.7836530127411431,1.2976425019009539
0.39654278232127016,0.6220867002278735,1.0186294825491435
0.8623637087467452,0.9495206236576421,1.8118843324043872
0.14707348092903794,0.9265876251614944,1.0736611060905323
0.4921162930795382,0.25824438829895835,0.7503606813784965
0.4591357562382613,0.980032575285477,1.4391683315237382
0.4926180939928696,0.3287516102875082,0.8213697042803778
0.6334008543167258,0.24014561877819307,0.8735464730949188
0.07586332810866392,0.12887972191064923,0.20474305001931314
0.12804583895777244,0.15190269351229435,0.2799485324700668
0.13882717264941014,0.6408747448032146,0.7797019174526247
0.18188008439914483,0.3456672833238632,0.527547367723008
0.8967884099060118,0.47396164026287235,1.3707500501688843
0.6675577385210272,0.17231987120162984,0.839877609722657
0.19228901880867078,0.04086861626647886,0.23315763507514964
0.16893506307216455,0.2785903390319586,0.44752540210412317
0.17701048427674682,0.08870253375705561,0.26571301803380243
0.12063587110060081,0.46077876803272577,0.5814146391333266
0.2063337184057925,0.36426986104807546,0.570603579453868
0.5034172708548569,0.6903948286293653,1.193812099484222
0.039312139841098936,0.7994103989090426,0.8387225387501416
0.6279003894909078,0.08175903194887191,0.7096594214397797
0.8735786241067772,0.9208724005318132,1.7944510246385903
0.06107795985486375,0.2768776481472037,0.3379556080020675
0.8062012797930613,0.7482596903836584,1.5544609701767196
0.18452101935637732,0.2093493233367103,0.3938703426930876
0.370472102791382,0.4845229851910213,0.8549950879824033
0.618254771530296,0.3689136395697724,0.9871684111000684
0.4625347161331479,0.7474709381337565,1.2100056542669044
0.0366832028905979,0.25243694434402075,0.28912014723461865
0.7133495858845524,0.8952068376871993,1.6085564235717518
0.5116774421156661,0.5321134852653157,1.0437909273809818
0.10717201133977605,0.44741236682345464,0.5545843781632307
0.5326172664550232,0.24247050363472966,0.7750877700897528
0.26924323094938096,0.37728416310462265,0.6465273940540036
0.02007119777772637,0.3220791655831783,0.34215036336090465
0.21144800699654465,0.32749735217791465,0.5389453591744593
0.11976213181925122,0.890527280739895,1.0102894125591462
0.5935924535540487,0.6791023191444896,1.2726947726985383
0.7891712386073383,0.4984421989290573,1.2876134375363955
0.08692028808742369,0.5371065418185478,0.6240268299059715
0.5868411180208791,0.74543947418433,1.3322805922052092
0.4316595462296794,0.12758030279556376,0.5592398490252432
0.28377590579872447,0.3630822963986351,0.6468582021973596
0.6459172413316012,0.5707783046689119,1.216695546000513
0.35609672589784624,0.9865152487929797,1.342611974690826
0.6057748193568872,0.23722679173599448,0.8430016110928816
0.10178247262040374,0.15285913918433203,0.25464161180473577
0.24595772838450813,0.16068137325955567,0.4066391016440638
0.18656702405130576,0.2850951686938471,0.47166219274515286
0.17337359529475482,0.8967654246264252,1.07013901992118
0.08023374566164221,0.5245113895702547,0.6047451352318969
0.4103968269896615,0.9823786169086064,1.3927754438982678
0.11203890216805235,0.39785559904574164,0.509894501213794
0.9694704332753689,0.8655071258939803,1.8349775591693491
0.8170720709492799,0.25790282704493983,1.0749748979942197
0.17088758739006582,0.668643219924431,0.8395308073144968
0.9293759891275858,0.5567628930139298,1.4861388821415156
0.5716126894698998,0.2799790936602842,0.851591783130184
0.7694929331919369,0.18704374855752337,0.9565366817494603
0.3236792364042437,0.4254364386164168,0.7491156750206605
0.507610378684455,0.24240973241508024,0.7500201110995353
0.11483682473920354,0.6106200424416326,0.7254568671808361
0.28863055324025577,0.5812382214226123,0.869868774662868
0.1543627152742023,0.4811401018548175,0.6355028171290198
0.5325894325515859,0.05182353682242691,0.5844129693740128
0.3366042781939206,0.13441467693897424,0.4710189551328948
0.06337497047276774,0.9899602323899452,1.053335202862713
0.32235384497472297,0.8098744458546349,1.132228290829358
0.25464065476376385,0.6815027222239293,0.9361433769876931
0.7602278598896866,0.5956387406078443,1.3558666004975308
0.47157618855015837,0.41184091414726853,0.8834171026974269
0.3488682665429953,0.9295291442478258,1.2783974107908211
0.8306194077877291,0.9650269106665126,1.7956463184542417
0.12429722348554473,0.7308674752036443,0.855164698689189
0.9383404568210378,0.18123306616566015,1.1195735229866979
0.0664962673667775,0.741120649290059,0.8076169166568365
0.5744731131799119,0.8418287767582721,1.4163018899381838
0.1397723766262895,0.7952673118598902,0.9350396884861797
0.20162732004774453,0.1636559428657045,0.36528326291344904
0.16426579793099294,0.8145747202313821,0.978840518162375
0.6651972206962001,0.5230654247691193,1.1882626454653193
0.3588304841235025,0.8772005408131083,1.2360310249366107
0.3924451074226354,0.8165994394715771,1.2090445468942126
0.4391349085702184,0.3769444294249076,0.816079337995126
0.46267978566960644,0.3013778741641421,0.7640576598337485
0.7476093801762511,0.5027203900924792,1.2503297702687304
0.2322126951468173,0.8995745732745685,1.1317872684213857
0.3838912213732114,0.5435528611139886,0.9274440824872
0.9064721109645469,0.6242379959139921,1.530710106878539
0.11689804070836407,0.9398321236134751,1.0567301643218392
0.6277080530714179,0.3349056146570861,0.962613667728504
0.13927207266338726,0.794025189270296,0.9332972619336832
0.6200727559285135,0.5334610919763215,1.1535338479048352
0.8938925830509576,0.7885972112245307,1.6824897942754884
0.15167487973275118,0.31172206779554823,0.4633969475282994
0.24848913981446574,0.743946292572677,0.9924354323871427
0.03353243473577938,0.5698896848713165,0.6034221196070959
0.7624586857406905,0.8767656367617495,1.6392243225024399
0.34208174871590746,0.8212573046720129,1.1633390533879204
0.11063173695520723,0.8464522917345182,0.9570840286897254
0.12748866233198242,0.39728729056036727,0.5247759528923497
0.7972953657795536,0.14991742734877378,0.9472127931283274
0.22925139523264149,0.7222525683930663,0.9515039636257078
0.7200365365460744,0.6411476328852973,1.3611841694313718
0.6939484444671,0.5427244433475962,1.2366728878146962
0.25179905890695276,0.34569599350391944,0.5974950524108722
0.18159771680142567,0.9084505613336283,1.090048278135054
0.5833917947661205,0.4008514167636399,0.9842432115297604
0.4620058036441327,0.9472833396118153,1.409289143255948
0.1533514031160802,0.5862298320167972,0.7395812351328774
0.505888678884466,0.6114542354346478,1.1173429143191138
0.01811018382084051,0.8721239089441515,0.890234092764992
0.9321182824836124,0.5651331835892089,1.4972514660728213
0.6966508238768923,0.9224993811772957,1.619150205054188
0.7072386343133986,0.15253904291426135,0.85977767722766
0.5762883601668132,0.6067150463828559,1.183003406549669
0.424130671302386,0.7364442356247228,1.160574906927109
0.9343670147690148,0.9255685129067763,1.8599355276757912
0.4508393714041321,0.11323804584075525,0.5640774172448874
0.9848411989623346,0.8388980864459341,1.8237392854082688
0.12466268120326685,0.9208418826173723,1.0455045638206393
0.8698963620621283,0.5188380571260721,1.3887344191882005
0.5912754357449292,0.39900270387013026,0.9902781396150595
0.05476163882203133,0.3351972416459009,0.38995888046793226
0.8028534485980114,0.004632023004602859,0.8074854716026143
0.3334991716911442,0.3981686935909433,0.7316678652820875
0.5373956029379229,0.9198556164127605,1.4572512193506832
0.34634599436596125,0.3469532018962277,0.6932991962621889
0.7375012481097484,0.45221794088980716,1.1897191889995555
0.22460482293998196,0.4524395161326934,0.6770443390726754
0.14085702037979986,0.1763869865062233,0.31724400688602317
0.49836777273947974,0.4189254495045479,0.9172932222440277
0.9148459010681,0.3623938991166331,1.2772398001847332
0.5805883502780435,0.6322642879195304,1.2128526381975737
0.013094456588333636,0.6635373720167106,0.6766318286050442
0.17803596686975143,0.9610703174694551,1.1391062843392066
0.14866272775311296,0.41462412372702373,0.5632868514801367
0.08534966807864386,0.9968742518459474,1.082223919924591
0.5021950103312426,0.5953850173200438,1.0975800276512864
0.06707647738842748,0.7499604703991778,0.8170369477876053
0.20990559309558576,0.8980542894407137,1.1079598825362995
0.20513964048200717,0.19068772066366657,0.39582736114567374
0.03654966784809488,0.47206694510999925,0.5086166129580941
0.5648411332626164,0.06570863942835237,0.6305497726909688
0.7755276166950106,0.4532888347480276,1.2288164514430382
0.52439026932758,0.44076274693822814,0.9651530162658082
0.400763060875326,0.5596403313082179,0.9604033921835439
0.1552402459307125,0.18192813049527112,0.33716837642598363
0.8617856210135173,0.9461154621336327,1.80790108314715
0.37330931627975295,0.27074467314355377,0.6440539894233067
0.6439995432390158,0.4087341710980964,1.052733714337112
0.02538635566034486,0.15615259736619036,0.18153895302653522
0.7159722288473975,0.6589239419101514,1.3748961707575489
0.02709599250348349,0.22197216193294944,0.24906815443643293
0.2310747965880714,0.6718927435987284,0.9029675401867998
0.019710537754364155,0.10410858198457384,0.123819119738938
0.7999160853731894,0.1785446620543336,0.978460747427523
0.6527461078518747,0.23818278104672652,0.8909288888986012
0.09944139275934516,0.24317219099945409,0.34261358375879924
0.7222669318556592,0.8556964681062857,1.577963399961945
0.8302198645669916,0.3971835296184548,1.2274033941854463
0.6680851365706462,0.20498429541582097,0.8730694319864671
0.29314773026101326,0.8963358185211198,1.1894835487821331
0.013001923510736035,0.08550853085446808,0.09851045436520411
0.20788625514602732,0.026532203873819715,0.23441845901984704
0.18143543508979731,0.5830415609696922,0.7644769960594895
0.42142455059249795,0.8926717110769748,1.314096261669473
0.8174435617384409,0.34181735169787597,1.159260913436317
0.2594234334312925,0.3796924081672669,0.6391158415985594
0.5902949425148077,0.26806364082287626,0.858358583337684
0.624148907849134,0.4094116521912404,1.0335605600403746
0.5520471808519802,0.4361265291353167,0.9881737099872969
0.29446575954191767,0.9484533069621567,1.2429190665040744
0.7636057941597608,0.14011317576645255,0.9037189699262134
0.8684679758979128,0.48743119824951364,1.3558991741474264
0.8945522268940914,0.7998552559473152,1.6944074828414066
0.42521350446923345,0.022469308320117398,0.44768281278935085
0.2686773593849461,0.5416342146608669,0.810311574045813
0.6334782198261473,0.2578876854332023,0.8913659052593496
0.13935607407282413,0.8349302367992991,0.9742863108721233
0.9844021807035521,0.5256901823026858,1.510092363006238
0.1716792858483035,0.27230732651936895,0.44398661236767245
0.018390676547466733,0.914298806560499,0.9326894831079657
0.11775108289014113,0.5765164755142536,0.6942675584043947
0.274055220687206,0.5541780025157934,0.8282332232029994
0.6514203883518642,0.8297418037072016,1.4811621920590659
0.2064212717606032,0.010995828658480478,0.2174171004190837
0.13688563006880727,0.9000186418481051,1.0369042719169124
0.8738900775625152,0.5974131021703083,1.4713031797328235
0.6005168604336534,0.6650366745462555,1.265553534979909
0.1753712786234496,0.9144119459249598,1.0897832245484094
0.4187705248920731,0.38313852824949746,0.8019090531415706
0.5189177052828375,0.046965966775055046,0.5658836720578926
0.1662833687560794,0.7380336164263704,0.9043169851824499
0.08279866792512647,0.6031521094663882,0.6859507773915147
0.24534910968132095,0.38929561404197655,0.6346447237232975
0.28869373677069987,0.35567271646494913,0.644366453235649
0.7190459051842455,0.297121715623175,1.0161676208074204
0.5664046402968972,0.47605040219909966,1.0424550424959969
0.6636711653626481,0.936829739324758,1.6005009046874061
0.7325720972102503,0.21494037859075676,0.9475124758010071
0.031183135061284672,0.2622640442998251,0.29344717936110976
0.5950779307002548,0.05142581348425035,0.6465037441845052
0.49636624720123634,0.5968428489168892,1.0932090961181256
0.3342438908169608,0.7709122037458219,1.1051560945627827
0.1065982531337718,0.07513778173580876,0.18173603486958056
0.7281887562036033,0.49549131620619846,1.2236800724098018
0.688402396427736,0.4348273386037462,1.1232297350314822
0.2464020332391068,0.8191023176741997,1.0655043509133066
0.7994158789689793,0.6946964708544268,1.4941123498234061
0.2721451372299627,0.5902306668690871,0.8623758040990498
0.3609738969400268,0.09158207332663415,0.45255597026666095
0.9173135754622428,0.1368186309189614,1.0541322063812042
0.9502373538208024,0.44600577295795574,1.3962431267787583
0.18513292883861965,0.5419009473783581,0.7270338762169778
0.8729458358764083,0.7322248864095612,1.6051707222859695
0.8065611478614497,0.6587833667107174,1.465344514572167
0.6922765645178525,0.8491956515653193,1.5414722160831718
0.24966800885918594,0.4894249636431405,0.7390929725023264
0.22120944181960223,0.987668007996647,1.2088774498162493
0.9440593396866133,0.0394268113685059,0.9834861510551192
0.7055751725156885,0.9252483174156658,1.6308234899313543
0.18057534512733353,0.5679452305526295,0.748520575679963
0.9154882975880418,0.03394597858579884,0.9494342761738407
0.6974202672468399,0.29734900737255077,0.9947692746193907
0.9243961953765304,0.9710582451653678,1.895454440541898
0.9442664891134339,0.47421421665746377,1.4184807057708977
0.8620426509893134,0.8445493985350704,1.7065920495243838
0.31910047324325563,0.8289154741506773,1.148015947393933
0.03700763471549262,0.596269878482053,0.6332775131975457
0.23000883728770305,0.12056688577727881,0.35057572306498186
0.07695320162920916,0.6962887758781398,0.7732419775073489
0.33987496376806614,0.7247667715287615,1.0646417352968276
0.06535634079894237,0.31529033783061033,0.3806466786295527
0.5394912923753372,0.7907231648389635,1.3302144572143009
0.3187525029320699,0.6258913764370091,0.944643879369079
0.8859777482361871,0.6158631881823046,1.5018409364184917
0.23295947475363377,0.02440078155653802,0.2573602563101718
0.8700988739009299,0.021269410850387138,0.891368284751317
0.8747016726841994,0.528937134027212,1.4036388067114114
0.9390676985128962,0.7987832357736654,1.7378509342865616
0.9979341105333375,0.35071181545171015,1.3486459259850476
0.7671882889311269,0.40193091360924216,1.1691192025403692
0.47987562030390885,0.6275054632183701,1.107381083522279
0.8736771141863388,0.9840834691992951,1.8577605833856339
0.7682734138645182,0.41776678216733376,1.1860401960318518
0.4213570022770702,0.7375823015888915,1.1589393038659617
0.23877714576830233,0.11047411313139466,0.349251258899697
0.35462215764077654,0.28723899165408173,0.6418611492948583
0.2963081204559901,0.23360775104990994,0.5299158715059
0.04209318963636188,0.01787393473341381,0.05996712436977569
0.9877223897360315,0.42777313373586234,1.4154955234718938
0.3843266471596817,0.6796472826930698,1.0639739298527515
0.21825388786506417,0.9499611839502253,1.1682150718152895
0.786345014415552,0.08941100231225951,0.8757560167278116
0.41758077578492836,0.8791183075621647,1.296699083347093
0.9447320222914103,0.4674015112498697,1.41213353354128
0.6134113892107077,0.16703394609207523,0.7804453353027829
0.9911686261369765,0.2316717013834434,1.2228403275204198
0.9427317741351257,0.6496466489923685,1.592378423127494
0.6077367948788591,0.5126885110165086,1.1204253058953677
0.2306698117177587,0.17652803200550826,0.40719784372326695
0.22048620907017535,0.18643826214425452,0.4069244712144299
0.7795844735667533,0.3501252591667301,1.1297097327334833
0.05784267656339637,0.9691026301408113,1.0269453067042078
0.8837858849634257,0.927752283195213,1.8115381681586387
0.9949078226464353,0.1738952492194873,1.1688030718659226
0.39624201890265875,0.7582384757040913,1.1544804946067502
0.6960206180537922,0.15389590633985506,0.8499165243936473
0.8158331249906178,0.22444057183666066,1.0402736968272785
0.22381761482262308,0.5369744228934136,0.7607920377160367
0.5929399348417032,0.5800862078378112,1.1730261426795143
0.09148683739775487,0.8774608626303804,0.9689477000281352
0.26560004258870606,0.12951492128280417,0.39511496387151024
0.8887480798689772,0.9556514982297534,1.8443995780987306
0.8621276172654506,0.8095160747248781,1.6716436919903286
0.6552419806390217,0.5508573706091393,1.206099351248161
0.08698675991141014,0.4084532130706987,0.49543997298210884
0.372688517012314,0.2597537837603262,0.6324423007726402
0.7234201136885849,0.4958757350787708,1.2192958487673557
0.08104621590764793,0.22018320194981134,0.30122941785745927
0.6832587636595959,0.07613085949030018,0.7593896231498961
0.8512069140487687,0.4951465270139743,1.346353441062743
0.480586577326648,0.5924077846595176,1.0729943619861655
0.8246809659251492,0.34780920790219305,1.172490173827342
0.6780161525590636,0.5657319639957911,1.2437481165548547
0.2670282701694213,0.878629986355158,1.1456582565245794
0.7974260216069281,0.6584518346584255,1.4558778562653536
0.8505817290942419,0.8672942009598024,1.7178759300540443
0.7083629767150348,0.837013328363672,1.5453763050787068
0.6974714616692836,0.6801407717603004,1.3776122334295842
0.6186113782151843,0.7527166395576412,1.3713280177728255
0.1586051052930737,0.8808707591989284,1.0394758644920021
0.871843527745232,0.029247283034559146,0.9010908107797911
0.8258167505647627,0.1288698674734452,0.9546866180382079
0.3351188542591419,0.7435082562916078,1.0786271105507497
0.1607598960483082,0.8179670241190622,0.9787269201673704
0.8321341779577419,0.5074677337608362,1.339601911718578
0.00638587171683358,0.2870381331749128,0.29342400489174636
0.6169269183757422,0.9811861780274235,1.5981130964031656
0.6318135270166684,0.2598035810641598,0.8916171080808282
0.6340057030996114,0.5399853797158555,1.173991082815467
0.7798453951511436,0.10698063882695841,0.886826033978102
0.761027902502028,0.5412665786761103,1.3022944811781383
0.9629920038589946,0.3418721660386861,1.3048641698976806
0.6326218931339481,0.9320281055100175,1.5646499986439655
0.10250972799067926,0.9372284872364511,1.0397382152271304
0.6878857223008134,0.0678370591051719,0.7557227814059853
0.30096356694681625,0.7081720886452816,1.0091356555920978
0.0673506014687717,0.5821704601762733,0.649521061645045
0.34588305695295674,0.6209155177674771,0.9667985747204338
0.04574203381251285,0.8715368061523763,0.9172788399648891
0.9734889691773969,0.9688778552856915,1.9423668244630883
0.7496518317429247,0.13008624013063197,0.8797380718735567
0.7582631959290226,0.02458691645880151,0.7828501123878241
0.022123551528997254,0.32361021914954125,0.3457337706785385
0.48864319040466575,0.7704074178077932,1.2590506082124588
0.6832953766065052,0.44590270637674834,1.1291980829832535
0.2736266662816659,0.9971245001577111,1.2707511664393771
0.42618130223597295,0.4513870243296755,0.8775683265656484
0.16362382119166918,0.7948095487499294,0.9584333699415986
0.6936822257814886,0.2207696127887604,0.914451838570249
0.0823810456158427,0.6804993020747131,0.7628803476905558
0.6545112142811352,0.2732595269982093,0.9277707412793446
0.9508635622504104,0.15105789178090023,1.1019214540313107
0.4323348010426019,0.9436159201675989,1.375950721210201
0.4197273169261223,0.6385259476640855,1.0582532645902079
0.3975943979627943,0.27421520234867003,0.6718096003114643
0.9839776479598282,0.409334006315043,1.3933116542748714
0.8940992036791344,0.22995460589108618,1.1240538095702206
0.2131047040250833,0.03113408288451136,0.24423878690959466
0.651666825375885,0.36852634372376114,1.0201931690996462
0.864358249839637,0.47320990669155716,1.3375681565311943
0.9681934279147217,0.18552551570312115,1.153718943617843
0.8686231679556108,0.7765968527917417,1.6452200207473524
0.770921844644052,0.8447832281168877,1.6157050727609397
0.7610239909429989,0.6262203216314154,1.3872443125744143
0.13124487768238757,0.032526179491251916,0.1637710571736395
0.9208478478156868,0.616650314520738,1.537498162336425
0.7965372909761763,0.4815223515125501,1.2780596424887265
0.11730818896239448,0.12518579220255044,0.24249398116494492
0.6855652872289714,0.4303058948994627,1.115871182128434
0.20052472670033672,0.4915945467414369,0.6921192734417736
0.06420893707513409,0.5819714019143988,0.6461803389895329
0.26899340443509767,0.7975591006371882,1.066552505072286
0.31036195892357377,0.4552201490818012,0.765582108005375
0.011620539908100636,0.07244688779455888,0.08406742770265951
0.3924935564066848,0.4799388347171235,0.8724323911238083
0.6000205481193037,0.29166257870930323,0.891683126828607
0.6949818861265425,0.8601223971892046,1.5551042833157471
0.7798509888933498,0.039618825348357145,0.819469814241707
0.48050694725782894,0.10493017841817487,0.5854371256760038
0.24204501586252747,0.9866625932671464,1.2287076091296738
0.14249554290151323,0.49888815345135606,0.6413836963528693
0.6181557343181191,0.702464970544104,1.3206207048622232
0.5596486834869141,0.00977084741918366,0.5694195309060978
0.3264613082439919,0.5177116433847114,0.8441729516287033
0.08786649914483335,0.35062693120918076,0.4384934303540141
0.033203108791366565,0.07857849715502074,0.11178160594638731
0.39692327620159606,0.13271575404306035,0.5296390302446564
0.5675408482615582,0.6894649691372657,1.2570058173988239
0.8005866991090829,0.2001502442448101,1.000736943353893
0.16748258225906976,0.10456784033440025,0.27205042259347
0.6364302495436367,0.7064757264869012,1.3429059760305377
0.03158614482564204,0.9362122462436898,0.9677983910693319
0.05197128365147241,0.5412963353010705,0.5932676189525429
0.7090605194509164,0.8709691237460856,1.580029643197002
0.7140869321324278,0.8017280830697918,1.5158150152022196
0.33945019254280606,0.8148251137465122,1.1542753062893183
0.08011484638467514,0.8948166560605276,0.9749315024452028
0.5475923761537362,0.8172977699624937,1.36489014611623
0.45231828451830014,0.643577695196525,1.095895979714825
0.5264026609361132,0.7315895217553319,1.257992182691445
0.08162998203058958,0.0603520839905638,0.14198206602115337
0.24710323401014644,0.15954468011318834,0.4066479141233348
0.8717835665922017,0.21921398735804432,1.090997553950246
0.9758652558191313,0.33689579177110685,1.312761047590238
0.18211791568869928,0.7896985071424791,0.9718164228311784
0.6587077755008761,0.498195716453139,1.156903491954015
0.5553635509376312,0.7192017782722638,1.274565329209895
0.22845474133129873,0.9963339160567419,1.2247886573880407
0.9747931621467831,0.6503256863469369,1.62511884849372
0.19954245092914513,0.6802282424312913,0.8797706933604365
0.07219840897917584,0.030652502205806065,0.10285091118498191
0.2576828885112137,0.4626229567393163,0.72030584525053
0.8682725054083805,0.727169069766308,1.5954415751746884
0.742706521199981,0.42549333444807536,1.1681998556480564
0.3459349925469629,0.3710387629846027,0.7169737555315656
0.9876495637360578,0.04010919141248248,1.0277587551485403
0.8670314961224486,0.5786754085723934,1.445706904694842
0.43861541918959046,0.7252576604151365,1.163873079604727
0.48666894142470285,0.8734232380816606,1.3600921795063634
0.9007018640112585,0.4217209268734554,1.322422790884714
0.2768277972350516,0.5923503285933622,0.8691781258284138
0.912363345616691,0.21066218900566658,1.1230255346223577
0.6229665835634828,0.6315602200925206,1.2545268036560033
0.733113022415281,0.1315676851272598,0.8646807075425408
0.7158249646820886,0.909032520665641,1.6248574853477296
0.17968310887024197,0.23754332492387764,0.4172264337941196
0.9713950940416396,0.18097695270948977,1.1523720467511294
0.8543850933695791,0.4922778564480348,1.346662949817614
0.24723107440317704,0.8707499012725114,1.1179809756756884
0.4453052550026655,0.5148173539296902,0.9601226089323557
0.3592333693997657,0.5929508514349274,0.9521842208346931
0.16352387258502277,0.3910815366517607,0.5546054092367835
0.9694123223352875,0.25813343270112754,1.227545755036415
0.6567366645412922,0.3251900642246949,0.9819267287659871
0.7734731256866006,0.13087366071834983,0.9043467864049505
0.9698210450785447,0.45378954138363925,1.423610586462184
0.23605046334646396,0.07349674733001266,0.3095472106764766
0.16975790508754074,0.5197739485560177,0.6895318536435584
0.3370031764312863,0.8288833658826095,1.1658865423138958
0.43088752366180594,0.2487142725876299,0.6796017962494358
0.61714498660403,0.7067772168854458,1.323922203489476
0.16704190790094986,0.16761921628831766,0.3346611241892675
0.03667142693354297,0.7364020150656405,0.7730734419991835
0.6638045276218051,0.4746308757498139,1.138435403371619
0.8441704489691971,0.8056701529500532,1.6498406019192502
0.5853543643967521,0.8682712805132586,1.453625644910011
0.20584121003676825,0.11191961939772788,0.31776082943449613
0.2697496115169896,0.05708685608931485,0.32683646760630447
0.531169528001032,0.9366056922949615,1.4677752202959935
0.03934354066850965,0.1221099140100268,0.16145345467853645
0.4521990282834353,0.9338750175279049,1.3860740458113403
0.3161561049767505,0.5072348086883924,0.8233909136651429
0.0415728590503921,0.14834320096208886,0.18991606001248096
0.9866301229588469,0.9651186964360455,1.9517488193948924
0.004939980934409616,0.951811785423239,0.9567517663576486
0.6391199378155004,0.8679182945200221,1.5070382323355225
0.4547398556338591,0.5155960285792502,0.9703358842131093
0.4888465802569202,0.6668642575461043,1.1557108378030245
0.1396512547563129,0.029973589872677953,0.16962484462899086
0.3079299415911909,0.7046807627366467,1.0126107043278376
0.20185345212294836,0.6734324333249173,0.8752858854478657
0.9699120461072704,0.09390071578941839,1.0638127618966888
0.6726021182251263,0.44375021930457115,1.1163523375296975
0.8681422543775054,0.1771497894473859,1.0452920438248912
0.6926259522261645,0.8381152896481102,1.5307412418742747
0.9446142194740232,0.6832480282896458,1.627862247763669
0.4971747640084273,0.6178472402012138,1.1150220042096413
0.8689049844787182,0.5706097466388297,1.4395147311175478
0.03038705969683686,0.9309486955069778,0.9613357552038146
0.6895267510315611,0.6765133857772465,1.3660401368088078
0.21567515239771717,0.6588854702326572,0.8745606226303744
0.3938644056541585,0.6512329770414921,1.0450973826956504
0.10659303030799072,0.657845304603036,0.7644383349110268
0.9994137257706666,0.04821203886055603,1.0476257646312226
0.9771741842213173,0.4069079607228706,1.384082144944188
0.8707534503372591,0.7823854840582735,1.6531389343955327
0.5670162609866678,0.7384492092513265,1.3054654702379942
0.8785155613013479,0.404140321651033,1.2826558829523809
0.3270331615632387,0.6675933855635847,0.9946265471268234
0.8078459419412586,0.7622851347766157,1.5701310767178742
0.7978136488586345,0.435583314812933,1.2333969636715674
0.8178342161750216,0.12020905537060844,0.93804327154563
0.5444890979608495,0.0057586604981215705,0.5502477584589711
0.3245858299002703,0.3664615348713979,0.6910473647716682
0.3961726916092554,0.6954672066898622,1.0916398982991176
0.38855810127034573,0.44869362262253065,0.8372517238928764
0.23754413087432746,0.3732517916293401,0.6107959225036675
0.22726962726315147,0.07319592376844364,0.3004655510315951
0.6034485933813779,0.6682127985550163,1.2716613919363942
0.6194903460096145,0.46349404380057235,1.082984389810187
0.3797857801792298,0.8633336495718252,1.243119429751055
0.519081785136218,0.47918187762973097,0.998263662765949
0.025642065806435688,0.34124782762615635,0.36688989343259204
0.38019561878585706,0.3988227808969005,0.7790183996827575
0.5801723692273323,0.5336025467268785,1.1137749159542107
0.6079050927934446,0.7648832615421283,1.3727883543355728
0.8129857387160935,0.7181230762264944,1.5311088149425878
0.9555236959549347,0.01823258267636163,0.9737562786312963
0.1957779856835461,0.00756287497814212,0.20334086066168822
0.647474714154603,0.8980305489499869,1.54550526310459
0.24348229657629927,0.9270345447963066,1.170516841372606
0.06026739028956085,0.9344360268055143,0.9947034170950751
0.3516226872396344,0.10142082844921652,0.45304351568885093
0.48587175918632564,0.25677656772050794,0.7426483269068336
0.28487290196192283,0.3072899649262866,0.5921628668882094
0.8030258978326634,0.5391612766752545,1.342187174507918
0.31130769915600365,0.6103337833109184,0.921641482466922
0.7161506742231936,0.27262400073353377,0.9887746749567273
0.4135491015253515,0.12188609333694755,0.5354351948622991
0.18114934953468032,0.6811178539649828,0.8622672034996631
0.18143834769562694,0.5251633836670602,0.7066017313626871
0.7090462617224327,0.10687692309474384,0.8159231848171765
0.5673122196289035,0.25656278370136376,0.8238750033302673
0.9629268752375798,0.4835456467199247,1.4464725219575045
0.8059925497751581,0.5502265421562618,1.3562190919314199
0.043412532854819164,0.6331513755940223,0.6765639084488415
0.951403342206657,0.6016118201463312,1.5530151623529882
0.8191888594267902,0.8842064633484078,1.7033953227751981
0.22807977194893247,0.21204483990822665,0.4401246118571591
0.6109809888509917,0.4110284698067047,1.0220094586576964
0.8398613028667203,0.9000231233980112,1.7398844262647315
0.3534213793027181,0.23687055897448206,0.5902919382772002
0.7805255152438618,0.2748060355481361,1.055331550791998
0.8226143185136784,0.42373825364876283,1.2463525721624413
0.6675498992914705,0.09553531383466818,0.7630852131261386
0.623859324676573,0.4517676787372291,1.075627003413802
0.5866084631754741,0.16801420774486342,0.7546226709203375
0.7368737449441821,0.8627970775432285,1.5996708224874108
0.21673980009077565,0.09571455552016173,0.3124543556109374
0.023638586046336396,0.641971500443266,0.6656100864896024
0.6070940360887808,0.54669741271407,1.153791448802851
0.23194709611597542,0.39090599590551467,0.6228530920214901
0.594476335186173,0.4967668588591694,1.0912431940453424
0.9877855202148873,0.13643975255673313,1.1242252727716204
0.6951445540475938,0.4043187681042921,1.099463322151886
0.42819961492561476,0.7175977656581762,1.145797380583791
0.6924361513243696,0.9912559937021883,1.683692145026558
0.12839428945412523,0.10410964938416634,0.23250393883829157
0.7243388171287412,0.5783869170064091,1.3027257341351501
0.27416066655980587,0.0794193689889866,0.35358003554879247
0.08565824959643054,0.8941908746641183,0.9798491242605488
0.1918673247187429,0.32337156211552076,0.5152388868342637
0.22665640222698802,0.3549963058319373,0.5816527080589253
0.06942384274609337,0.5190597909082704,0.5884836336543637
0.0676125635922149,0.8003565078223616,0.8679690714145765
0.23371208191043302,0.5400119146045106,0.7737239965149436
0.8800790875614583,0.6508773690471942,1.5309564566086524
0.5329577865513353,0.3243337531153756,0.8572915396667109
0.33300191305819793,0.6694869551981901,1.0024888682563882
0.9941393612211675,0.6618391898493786,1.6559785510705463
0.5577834173700249,0.7306505102392461,1.2884339276092711
0.46520561228371815,0.060142342600785215,0.5253479548845034
0.5622968158779098,0.9576252845053802,1.51992210038329
0.17530294235765964,0.6900048908206657,0.8653078331783254
0.20093368865905648,0.5358276844730813,0.7367613731321377
0.09667644964671962,0.45037093625818514,0.5470473859049048
0.7561633288952461,0.3475715242389821,1.1037348531342281
0.664911724487218,0.7954499607897292,1.4603616852769472
0.9271778194794527,0.23464208185545354,1.1618199013349062
0.39931591580930814,0.15241601333041743,0.5517319291397256
0.9924835021583752,0.9270009679242953,1.9194844700826705
0.5399571302805596,0.8420332943764213,1.3819904246569807
0.5209579772720422,0.6235856880027597,1.144543665274802
0.08912443211601662,0.7552704204968079,0.8443948526128245
0.12771348363523483,0.8260676302525284,0.9537811138877632
0.7820280876703859,0.7087446977429764,1.4907727854133623
0.036160380524762115,0.3031283559453286,0.3392887364700907
0.26311256991084286,0.3601364074715191,0.623248977382362
0.08764274676383854,0.9369578230310628,1.0246005697949014
0.5538022407123763,0.30552431065802355,0.8593265513703998
0.3969815170742834,0.44720254050483565,0.8441840575791191
0.6005943333606173,0.5156794276964978,1.1162737610571152
0.9193919732144173,0.49696348290583026,1.4163554561202476
0.9921580148233127,0.8514249577450957,1.8435829725684085
0.2085105143573358,0.9305952146439163,1.139105729001252
0.11636639788547609,0.8174497084911916,0.9338161063766677
0.3806232934765801,0.8779743204450695,1.2585976139216495
0.8680566901074503,0.8059254001176211,1.6739820902250715
0.7900304363070614,0.3046791390980408,1.0947095754051022
0.08091928305125218,0.40298017876516146,0.48389946181641363
0.17352451498650867,0.6949510889024617,0.8684756038889704
0.34609972653778553,0.9756102008599149,1.3217099273977004
0.640972077345332,0.822480563634361,1.463452640979693
0.13252467274184843,0.8620144822726226,0.994539155014471
0.9227571905133943,0.4870619188189359,1.4098191093323302
0.6062529377509774,0.7648098009029954,1.3710627386539729
0.17483862726041255,0.5025660764634424,0.677404703723855
0.3986630277723131,0.1463739921622491,0.5450370199345622
0.36753442229153144,0.06817230938549357,0.435706731677025
0.025811906949486985,0.13516628915482276,0.16097819610430975
0.9631151115891738,0.549529535895017,1.5126446474841908
0.96582216115322,0.432497878330132,1.398320039483352
0.3118161330852596,0.5061418628402441,0.8179579959255037
0.4395116886329101,0.10566468426174391,0.545176372894654
0.6408263146902062,0.2160381825095996,0.8568644971998058
0.6195879548978296,0.6502010923981534,1.269789047295983
0.1520248531286481,0.06134962711066816,0.21337448023931627
0.7807615860684398,0.4598004237693202,1.24056200983776
0.05816379550547579,0.9948663171697671,1.053030112675243
0.05778056099636664,0.6950352288585532,0.7528157898549198
0.9836789252634136,0.23918010421592562,1.222859029479339
0.14224936868719618,0.1213849394224289,0.26363430810962507
0.30327514756759555,0.10104581101064669,0.40432095857824224
0.6921613416941319,0.06229179813006269,0.7544531398241946
0.5094221281497897,0.9966968538529768,1.5061189820027665
0.8139702695060188,0.6152194382310109,1.4291897077370297
0.30625362078661167,0.6238958362916385,0.9301494570782501
0.5270414639116516,0.4260833838903715,0.9531248478020231
0.13071037674019947,0.8866042152404667,1.017314591980666
0.4497846488213225,0.19462251182076507,0.6444071606420876
0.3677593508772896,0.41412975252892703,0.7818891034062166
0.8275378955668743,0.733614380561402,1.5611522761282763
0.7693048936413398,0.011031264428647214,0.780336158069987
0.4161539981797615,0.4813441516353236,0.8974981498150851
0.019192276823056686,0.2598132087450342,0.2790054855680909
0.760289823122135,0.13710970572899905,0.897399528851134
0.5353101314525917,0.2152018720172375,0.7505120034698292
0.012120774643893273,0.24120145759954148,0.25332223224343475
0.9758737549100538,0.8015371118829896,1.7774108667930433
0.9595766443210334,0.48785404392636245,1.4474306882473957
0.1097361986775035,0.547959488973693,0.6576956876511965
0.4543773345599609,0.844357082739616,1.2987344172995767
0.09808258078424459,0.4882411370217782,0.5863237178060228
0.15004866469398426,0.32467592689006,0.47472459158404423
0.7373570773877997,0.47601812936876653,1.2133752067565662
0.37588828514576933,0.3944762785700353,0.7703645637158046
0.45944676840598664,0.7850165438370569,1.2444633122430435
0.8920846889402344,0.9553346865039283,1.8474193754441628
0.7869033862552951,0.31540689574801273,1.102310282003308
0.6881347060865421,0.4376031240553919,1.125737830141934
0.2546706220460512,0.8408715794259226,1.0955422014719738
0.038426348962324997,0.9017619921354235,0.9401883410977485
0.46147746462473416,0.6372014768082804,1.0986789414330147
0.6593539222057827,0.8951177407065364,1.5544716629123192
0.6366696821672073,0.6139335847600618,1.250603266927269
0.06665204056068996,0.5184080219452041,0.585060062505894
0.15016900081704165,0.7374337687214856,0.8876027695385272
0.5122219208126745,0.6802277792083533,1.1924497000210277
0.041672900602384266,0.08479201604580322,0.1264649166481875
0.7163233880626823,0.07208433599867337,0.7884077240613556
0.0712567277652586,0.01210847523488745,0.08336520300014605
0.9565013982994801,0.737508359459007,1.694009757758487
0.35325140850206416,0.2965355812876552,0.6497869897897194
0.34970322974584955,0.7746535311811819,1.1243567609270313
0.6613706110704144,0.18519556786746794,0.8465661789378823
0.17410933533408435,0.09839564971339732,0.27250498504748166
0.6603027197013381,0.7643726622217359,1.4246753819230742
0.265046428325004,0.020944961030912812,0.28599138935591684
0.08217166747642735,0.9678600348450305,1.0500317023214578
0.29544477747742026,0.7692231478381336,1.064667925315554
0.6246635688542638,0.3819396396528959,1.0066032085071597
0.2056872621955551,0.12138641815940643,0.32707368035496154
0.6150129680388666,0.774633780637788,1.3896467486766546
0.6439042535411307,0.5303021332491583,1.174206386790289
0.041951223431636264,0.9684887775943838,1.0104400010260202
0.7987141916545746,0.29282203670096474,1.0915362283555394
0.9799703293588506,0.6018815896363221,1.5818519189951727
0.5824226582072465,0.7480731794295321,1.3304958376367786
0.8117697880901376,0.6564786073315027,1.4682483954216403
0.12809574636620003,0.3382675059944984,0.4663632523606984
0.9280836403260497,0.22461561184385193,1.1526992521699015
0.3721670238375133,0.432076882944196,0.8042439067817093
0.4394049896944522,0.6129395824945255,1.0523445721889777
0.9430758377447076,0.24069271183250496,1.1837685495772126
0.12150137630091806,0.19747048985993731,0.3189718661608554
0.8869249002092695,0.645810812655206,1.5327357128644756
0.28590678923916013,0.8159469389686173,1.1018537282077774
0.861369996363436,0.846514338690278,1.707884335053714
0.9189265336395545,0.2522410201733616,1.171167553812916
0.7550419287462783,0.46053949727414,1.2155814260204183
0.8419985528900615,0.7284906771616132,1.5704892300516748
0.7764474464997246,0.6561618376810715,1.432609284180796
0.17742876946970687,0.5450269188969383,0.7224556883666452
0.9846697395245082,0.9373880664971189,1.9220578060216271
0.04317373579701167,0.16481481572943713,0.2079885515264488
0.1317287734545619,0.7259799099852955,0.8577086834398574
0.8177853298569451,0.2135113663106719,1.031296696167617
0.505852692951829,0.8407030280112,1.346555720963029
0.7328015447662506,0.5422372054918483,1.2750387502580989
0.5903476904587729,0.50836054691628,1.0987082373750527
0.2975484513188206,0.5650219928590161,0.8625704441778367
0.6888853020500907,0.8733229158608077,1.5622082179108983
0.6362913539792481,0.761121537043158,1.3974128910224062
0.160071634954573,0.4615574744197899,0.6216291093743629
0.009331619827093296,0.24667886452162302,0.2560104843487163
0.7264617151130048,0.9918099513493635,1.7182716664623683
0.0991780995872159,0.40149431586128825,0.5006724154485042
0.8000709686991595,0.20403563462889884,1.0041066033280583
0.5550849493022862,0.7330712960296748,1.288156245331961
0.615985450260179,0.18802473461541613,0.8040101848755952
0.3553845686857394,0.7837917844853972,1.1391763531711367
0.5542265141320166,0.005229613542912737,0.5594561276749294
0.7609907600280938,0.03531135494023907,0.7963021149683329
0.7457337827312321,0.2024805601652374,0.9482143428964696
0.9580734801193802,0.3679407513020845,1.3260142314214647
0.3269316163380791,0.14888805033244468,0.4758196666705238
0.3056042154902149,0.8766507618282006,1.1822549773184154
0.9963343376272473,0.36830953050684834,1.3646438681340958
0.44861063095454257,0.722070938202737,1.1706815691572796
0.8861957804650745,0.5930443341867842,1.4792401146518586
0.39152569817782934,0.41262184084862374,0.8041475390264531
0.6956181464968069,0.0032182636042786816,0.6988364101010855
0.6195893374598407,0.3554930104413574,0.9750823479011981
0.7941973312770843,0.09299063982313216,0.8871879711002164
0.5882022669483905,0.48097288988612374,1.0691751568345143
0.6423255259052274,0.06485359448296835,0.7071791203881957
0.5799837874281313,0.5614845879595237,1.1414683753876549
0.5606600944161709,0.6034876665964548,1.1641477610126256
0.6764679372263622,0.8049889996807698,1.481456936907132
0.26982072012821434,0.8250494101800621,1.0948701303082764
0.4982556822634536,0.07705827913433116,0.5753139613977848
0.0585509292439792,0.3342383186960608,0.39278924794004
0.7848969771114676,0.7076809347409158,1.4925779118523832
0.7886149646724064,0.5172690564416094,1.3058840211140157
0.44019899795549056,0.14745252670628395,0.5876515246617745
0.32819275360931155,0.43401936617387527,0.7622121197831868
0.08860042967961723,0.22061195271121126,0.3092123823908285
0.5982252940637388,0.7356631142391898,1.3338884083029288
0.9983475113929496,0.9331133313435577,1.9314608427365072
0.6425651995351915,0.421248053294072,1.0638132528292634
0.6361773647082327,0.785651618080232,1.4218289827884647
0.11833619092338732,0.40990488969628824,0.5282410806196756
0.8398022856356172,0.383832951933044,1.2236352375686612
0.5718722712271865,0.5877693608621982,1.1596416320893848
0.18447625313363936,0.3622354416522884,0.5467116947859277
0.33451128874193214,0.026196708532064794,0.36070799727399694
0.024191763891355245,0.8316970436757735,0.8558888075671287
0.2730708099728124,0.5180787662388154,0.7911495762116278
0.29872557358877305,0.9406792451153405,1.2394048187041136
0.25929675886577375,0.4296568127389351,0.6889535716047088
0.8727302504846018,0.8419335667918086,1.7146638172764104
0.18610141784627732,0.8026433097957104,0.9887447276419877
0.45818688673789265,0.4829688720853552,0.9411557588232479
0.13347997241594378,0.08060151375712465,0.21408148617306844
0.7279393069737652,0.49646115235529975,1.224400459329065
0.43685070261517955,0.7295082286523967,1.1663589312675762
0.7655128989911097,0.15890816766935356,0.9244210666604633
0.6102251494776413,0.13535408227768553,0.7455792317553268
0.7513750860290457,0.6569551562671395,1.4083302422961852
0.956614621083458,0.06895801635642118,1.025572637439879
0.05705472115125432,0.28218707469320015,0.33924179584445446
