0.3745401188473625,0.9507143064099162,0.34860342911372194
0.7319939418114051,0.5986584841970366,0.424323247520556
0.15601864044243652,0.15599452033620265,0.02433565031343069
0.05808361216819946,0.8661761457749352,0.050289417956549384
0.6011150117432088,0.7080725777960455,0.4128974375445439
0.020584494295802447,0.9699098521619943,0.019963777479438213
0.8324426408004217,0.21233911067827616,0.17584111376075928
0.18182496720710062,0.18340450985343382,0.03334133860961098
0.3042422429595377,0.5247564316322378,0.1589757019912171
0.43194501864211576,0.2912291401980419,0.12546346762732857
0.6118528947223795,0.13949386065204183,0.0852461374276986
0.29214464853521815,0.3663618432936917,0.1068264196099806
0.45606998421703593,0.7851759613930136,0.35049088807277456
0.19967378215835974,0.5142344384136116,0.10249880588488773
0.5924145688620425,0.046450412719997725,0.027514428437328566
0.6075448519014384,0.17052412368729153,0.10341582480762365
0.06505159298527952,0.9488855372533332,0.061687325214069375
0.9656320330745594,0.8083973481164611,0.7037160538025954
0.3046137691733707,0.09767211400638387,0.029747881545019405
0.6842330265121569,0.4401524937396013,0.29663476149639784
0.12203823484477883,0.4951769101112702,0.06039374225862263
0.034388521115218396,0.9093204020787821,0.03126508797175317
0.2587799816000169,0.662522284353982,0.1706088097666946
0.31171107608941095,0.5200680211778108,0.16140184988761458
0.5467102793432796,0.18485445552552704,0.10088988645389285
0.9695846277645586,0.7751328233611146,0.6827770779244022
0.9394989415641891,0.8948273504276488,0.7451030575775218
0.5978999788110851,0.9218742350231168,0.5237001578419814
0.0884925020519195,0.1959828624191452,0.01734214446218311
0.045227288910538066,0.32533033076326434,0.014713277952657743
0.388677289689482,0.2713490317738959,0.10527179049398694
0.8287375091519293,0.3567533266935893,0.2913663623896524
0.28093450968738076,0.5426960831582485,0.15187208886115824
0.14092422497476265,0.8021969807540397,0.11280834588091827
0.07455064367977082,0.9868869366005173,0.07350669923173572
0.7722447692966574,0.1987156815341724,0.1528555582567582
0.005522117123602399,0.8154614284548342,0.0045030582990825165
0.7068573438476171,0.7290071680409873,0.4927994565598048
0.7712703466859457,0.07404465173409036,0.05707740727177754
0.3584657285442726,0.11586905952512971,0.0415231453996359
0.8631034258755935,0.6232981268275579,0.512394427740975
0.3308980248526492,0.06355835028602363,0.021029782187680965
0.3109823217156622,0.32518332202674705,0.1009539909279481
0.7296061783380641,0.6375574713552131,0.4485710535901516
0.8872127425763265,0.4722149251619493,0.40680614293864586
0.1195942459383017,0.713244787222995,0.08519656847724096
0.7607850486168974,0.5612771975694962,0.4141523187623662
0.770967179954561,0.49379559636439074,0.37157062792760176
0.5227328293819941,0.42754101835854963,0.22163390224984028
0.02541912674409519,0.10789142699330445,0.0027425024194596324
0.03142918568673425,0.6364104112637804,0.020000527309693403
0.3143559810763267,0.5085706911647028,0.15919207574263025
0.907566473926093,0.24929222914887494,0.22432396815229827
0.41038292303562973,0.7555511385430487,0.30512080864108826
0.22879816549162246,0.07697990982879299,0.01761195153978352
0.289751452913768,0.16122128725400442,0.046697114099986496
0.9296976523425731,0.808120379564417,0.6825949477669697
0.6334037565104235,0.8714605901877177,0.52437966109362
0.8036720768991145,0.18657005888603584,0.14937993978594089
0.8925589984899778,0.5393422419156507,0.463015881021357
0.8074401551640625,0.8960912999234932,0.6620420007620417
0.3180034749718639,0.11005192452767676,0.03498975093327916
0.22793516254194168,0.4271077886262563,0.09719917772672086
0.8180147659224931,0.8607305832563434,0.6473407437239554
0.006952130531190703,0.5107473025775657,0.0035507744545701945
0.417411003148779,0.22210781047073025,0.09257749069050113
0.1198653673336828,0.33761517140362796,0.040457321677795886
0.9429097039125192,0.32320293202075523,0.3000558306094374
0.5187906217433661,0.7030189588951778,0.35668739211382045
0.363629602379294,0.9717820827209607,0.3460603510448053
0.9624472949421112,0.25178229582536416,0.2399624682773289
0.49724850589238545,0.30087830981676966,0.14905377599954464
0.2848404943774676,0.036886947354532795,0.010506703003698395
0.6095643339798968,0.5026790232288615,0.3016427620675983
0.05147875124998935,0.27864646423661144,0.01434388010544398
0.9082658859666537,0.23956189066697242,0.21587306846776877
0.1448948720912231,0.489452760277563,0.07085976164692721
0.9856504541106007,0.2420552715115004,0.2363249221128284
0.6721355474058786,0.7616196153287176,0.4898447071922957
0.23763754399239967,0.7282163486118596,0.17218911254614527
0.3677831327192532,0.6323058305935795,0.23046100994974916
0.6335297107608947,0.5357746840747585,0.3329488952195689
0.0902897700544083,0.835302495589238,0.07534779228232402
0.32078006497173583,0.18651851039985423,0.059795728865857635
0.040775141554763916,0.5908929431882418,0.024091412366180925
0.6775643618422824,0.016587828927856152,0.011239085093752479
0.512093058299281,0.22649577519793795,0.11572702778463799
0.6451727904094499,0.17436642900499144,0.11225934327042925
0.690937738102466,0.3867353463005374,0.2640415250503974
0.9367299887367345,0.13752094414599325,0.12846400212876846
0.3410663510502585,0.11347352124058907,0.03869233895576429
0.9246936182785628,0.877339353380981,0.7251623226833327
0.2579416277151556,0.659984046034179,0.16941628181232463
0.8172222002012158,0.5552008115994623,0.4383143630637263
0.5296505783560065,0.24185229090045168,0.12774717081217563
0.09310276780589921,0.8972157579533268,0.08343615776226727
0.9004180571633305,0.6331014572732679,0.5396791809947763
0.3390297910487007,0.3492095746126609,0.11811606289196647
0.7259556788702394,0.8971102599525771,0.6061908101811829
0.8870864242651173,0.7798755458576239,0.6379374918979032
0.6420316461542878,0.08413996499504883,0.05399425013664941
0.16162871409461377,0.8985541885270792,0.14472214756226218
0.6064290596595899,0.009197051616629648,0.005577330447796908
0.1014715428660321,0.6635017691080558,0.06727569605025215
0.005061583846218687,0.16080805141749865,0.000813943345523266
0.5487337893665861,0.6918951976926933,0.37061052892692997
0.6519612595026005,0.22426930946055978,0.14569447495381202
0.7121792213475359,0.23724908749680007,0.16816106488423385
0.3253996981592677,0.7464914051180241,0.24052634383260824
0.6496328990472147,0.8492234104941779,0.5241216837206233
0.6576128923003434,0.5683086033354716,0.365087756341829
0.09367476782809248,0.3677158030594335,0.034438881213820785
0.26520236768172545,0.24398964337908358,0.0646614866813833
0.9730105547524456,0.3930977246667604,0.37323005477532006
0.8920465551771133,0.6311386259972629,0.5337298288118242
0.7948113035416484,0.5026370931051921,0.38895927694115406
0.5769038846263591,0.4925176938188639,0.2803275948281847
0.1952429877980445,0.7224521152615053,0.14058643701023257
0.2807723624408558,0.02431596643145384,0.0068271983022028014
0.6454722959071678,0.17711067940704894,0.1140711900888588
0.9404585843529143,0.9539285770025874,0.7815398644504747
0.9148643902204485,0.3701587002554444,0.33220936663658013
0.015456616528867428,0.9283185625877254,0.014348171683176612
0.42818414831731433,0.9666548190436696,0.40218879962945603
0.9636199770892528,0.8530094554673601,0.7324931186013752
0.2944488920695857,0.38509772860192526,0.11314876401789356
0.8511366715168569,0.31692200515627766,0.26648464534894745
0.1694927466860925,0.5568012624583502,0.0942337491223713
0.936154774160781,0.696029796674973,0.6064526992575981
0.570061170089365,0.09717649377076854,0.05536821681442248
0.6150072266991697,0.9900538501042633,0.5719575217108579
0.14008401523652403,0.5183296523637367,0.07254591397608115
0.8773730719279554,0.7407686177542044,0.605131026889126
0.697015740995268,0.7024840839871093,0.4703103926344039
0.35949115121975517,0.29359184426449336,0.10534782916744909
0.8093611554785136,0.8101133946791808,0.6096938674722442
0.8670723185801037,0.9132405525564713,0.7116510811154073
0.5113423988609378,0.5015162946871996,0.253644912924397
0.7982951789667752,0.6499639307777652,0.4958931693810582
0.7019668772577033,0.795792669436101,0.5300165610942886
0.8900053418175663,0.3379951568515358,0.29630109073130007
0.375582952639944,0.093981939840869,0.035290684991063304
0.578280140996174,0.035942273796742086,0.020783206679140787
0.46559801813246016,0.5426446347075766,0.2499748364920973
0.2865412521282844,0.5908332605690108,0.16849052775076237
0.03050024993904943,0.03734818874921442,0.0011391288452633336
0.8226005606596583,0.3601906414112629,0.2919767744546596
0.12706051265188478,0.5222432600548044,0.06630781042088497
0.7699935530986108,0.21582102749684318,0.16541697880474032
0.6228904758190003,0.085347464993768,0.05313708538583381
0.0516817211686077,0.531354631568148,0.027457870499254532
0.5406351216101065,0.6374299014982066,0.33783621331966557
0.7260913337226615,0.9758520794625346,0.6507393368574715
0.5163003483011953,0.32295647294124596,0.16597095366305506
0.7951861947687037,0.2708322512620742,0.21370114551580996
0.4389714207056361,0.07845638134226596,0.034433301228188155
0.02535074341545751,0.9626484146779251,0.024401430754128275
0.8359801205122058,0.695974206093698,0.5495458921866183
0.4089529444142699,0.17329432007084578,0.07080991452346677
0.15643704267108605,0.25024289816459533,0.03913726079063769
0.5492266647061205,0.7145959227000623,0.3824765232184175
0.6601973767177313,0.27993389694594284,0.18376136907723223
0.9548652806631941,0.7378969166957685,0.6477231496792161
0.5543540525114007,0.6117207462343522,0.3326477903388365
0.4196000624277899,0.24773098950115746,0.10376084384167386
0.3559726786512616,0.7578461104643691,0.2665121814969476
0.014393488629755868,0.11607264050691624,0.0016706894541554233
0.04600264202175275,0.040728802318970136,0.0018736314168237291
0.8554605840110072,0.7036578593800237,0.566252091844777
0.4741738290873252,0.09783416065100148,0.04637376113804999
0.49161587511683236,0.4734717707805657,0.23067004174181552
0.17320186991001518,0.43385164923797304,0.0750732188312178
0.39850473439737344,0.6158500980522165,0.24296296539083143
0.6350936508676438,0.04530400977204452,0.028768319298654248
0.3746126146264712,0.6258599157142364,0.23231294952695875
0.5031362585800877,0.8564898411883223,0.41771695435089473
0.658693631618945,0.1629344270814297,0.10711795467481237
0.07056874740042984,0.6424192782063156,0.04531919642964563
0.026511310541621813,0.5857755812734633,0.015529054132592071
0.9402302414249576,0.575474177875879,0.5150604957273665
0.3881699262065219,0.6432882184423532,0.24711825526058576
0.45825289049151663,0.5456167893159349,0.2474334826808653
0.9414648087765252,0.38610263780077425,0.35554962016348235
0.9611905638239142,0.9053506419560637,0.7644672308674282
0.19579113478929644,0.06936130087516545,0.01357991038664692
0.10077800137742665,0.018221825651549728,0.001836358138511623
0.0944429607559284,0.6830067734163568,0.06446045773612674
0.07118864846022899,0.3189756302937613,0.022705492630297676
0.8448753109694546,0.023271935735825866,0.019660617119250334
0.8144684825889358,0.28185477477339993,0.2275508709607478
0.11816482762165625,0.6967371653641506,0.0822368505477309
0.628942846779884,0.877472013527053,0.5242888342381554
0.7350710438038858,0.8034809303848486,0.5568724164469243
0.2820345725713065,0.17743954377972282,0.05002320001337771
0.7506147516408583,0.806834739267264,0.5692736097243959
0.9905051420006733,0.4126176769114265,0.3974166707977556
0.37201808579278317,0.7764129607419968,0.2848401474518427
0.34080354025301784,0.9307573256035647,0.31191259451826414
0.8584127518430118,0.42899402737501835,0.3599869853984232
0.7508710677914974,0.7545428740846823,0.5367364461445666
0.10312386883593261,0.9025529066795667,0.09294042275557086
0.5052523724478571,0.8264574661077416,0.40554007546232645
0.32004960103061175,0.8955232284962005,0.2827039179409119
0.3892016787341631,0.01083765148029836,0.004218019641951667
0.9053819764192637,0.09128667678613356,0.08255524899729151
0.31931363759041487,0.9500619670508049,0.29873585215740134
0.9506071469375561,0.5734378881232861,0.5185157039897534
0.6318372121697993,0.44844552197831977,0.2795684125625114
0.29321077169806453,0.32866454536991596,0.09621889603951575
0.6725184560770384,0.75237452943768,0.4846699144247225
0.7915790437258485,0.7896181427945539,0.5851339071011005
0.09120610304869037,0.49442030470258147,0.04507886778817463
0.057558760016644284,0.5495288823237355,0.031624927147845316
0.441530501373377,0.8877041827582998,0.38198985250532036
0.3509150125520787,0.11706701642760586,0.041069019825512865
0.14299168205283586,0.7615106317174722,0.10867463015542514
0.6182180633162611,0.10112267612279024,0.062475151848284796
0.08410680611499743,0.70096913145912,0.05892212698133228
0.07276300636419353,0.8218600592903562,0.05976537209501624
0.7062422271564962,0.08134878064189976,0.057420343712985926
0.08483771408519192,0.9866395785011755,0.08360653645110872
0.3742707957561203,0.3706421470668909,0.13827605042094912
0.8127995672575026,0.9472485773838587,0.6960801252898979
0.9860010638228709,0.7533781852589416,0.6763763210564359
0.37625958553091576,0.08350071669866876,0.03141277660272379
0.7771469159274368,0.558404249735805,0.4204689709061996
0.4242220092469763,0.906354385094736,0.3750914990808786
0.11119748230615134,0.49262510429085915,0.054751279675627054
0.011353644767419069,0.46866064199412627,0.005320981336667644
0.05630327568183735,0.11881791626807192,0.006689787996270373
0.11752624677710488,0.6492103021160636,0.07622524141382772
0.7460448792654233,0.5833687650971596,0.4216092496276426
0.9621725484745419,0.37487057952370406,0.35292008738479397
0.28571208628186073,0.8685991281894603,0.245629727698041
0.22359583851945264,0.9632225394406113,0.21371138739742088
0.012154474689816341,0.969878826707639,0.011788094623683215
0.04315991195057611,0.8911431136980711,0.0384521763074543
0.5277011090862999,0.9929647961193003,0.5003375807850375
0.07379656473539886,0.5538542844013208,0.04086116446444704
0.969302535619099,0.5230978441701488,0.48559184664258664
0.6293986381352625,0.6957486889846172,0.4240415168671684
0.45454106476777323,0.6275580800840634,0.2813982387525735
0.5843143119231002,0.901158010490989,0.502561887069749
0.04544638034145787,0.2809631895922303,0.012768413006594656
0.9504114840765587,0.8902637838909163,0.7487119829103649
0.45565675278571294,0.6201325978015367,0.2788223464301407
0.2773811829811327,0.1881211597237613,0.05215759245293349
0.46369840493998216,0.3533522280260528,0.16311672124556842
0.5836561118508721,0.07773463696498484,0.0453547320507874
0.9743948076661665,0.9862107444796029,0.8197409845213717
0.6981617140197451,0.5360963663441204,0.3656042911735408
0.30952761628632774,0.8137950197069487,0.24923672921825754
0.6847311725538793,0.1626169393448913,0.11111893557043538
0.9109271844938425,0.822537242923169,0.6811055693598744
0.949799913291924,0.72571950838836,0.635988145444404
0.6134151959357899,0.4182430362906189,0.25375140005681823
0.9327284833540133,0.8660638895004084,0.7227702250622543
0.04521867010618941,0.026366974497252005,0.0011922792390126253
0.3764633668780496,0.8105533307818329,0.30043017881505213
0.9872761293149445,0.15041689110352818,0.14795778124259917
0.5941307153521351,0.3808908566310215,0.224372389300326
0.9699143978146032,0.8421189231357087,0.7289475281614866
0.8383287047111379,0.4686931597949703,0.3828865360526666
0.4148195023376652,0.27340707193070624,0.11317160236185622
0.056375496650927115,0.8647223762550532,0.048729847156376876
0.8129010091300776,0.9997176732861306,0.7261265864109993
0.9966368370739054,0.5554317056026274,0.5257220436287661
0.7689874151805105,0.944765729882428,0.6642671303811424
0.8496473906774115,0.24734810174319766,0.2086150806385247
0.4505441353100935,0.12915941515149498,0.05815917986720654
0.9540510272587224,0.60617463445088,0.5466191902815155
0.22864280550346272,0.6717006844058567,0.1529765022285601
0.6181282404578958,0.3581627180328405,0.21958638799684446
0.11355759219962902,0.6715731955927996,0.07618833395305484
0.5203077009037933,0.7723183917356393,0.3911153856998587
0.5201635011119934,0.8521815003185401,0.428899074429617
0.5519068387744855,0.5609379715353863,0.3046638704781052
0.876653602658345,0.40348286621239704,0.34638492919026664
0.13401522845064073,0.028782676313338973,0.0038573073761251097
0.755137255673619,0.6203095513534647,0.4514760186837332
0.7040797680992236,0.21296416150891073,0.14938252122914072
0.13637147558676976,0.014544665667881929,0.001983476218484933
0.350587558806597,0.5899176868546331,0.20534656134333806
0.3922440450997323,0.43747492202372906,0.1707560455562893
0.9041586944937484,0.34825546702330035,0.3097006699312479
0.5139894891598108,0.7836530127411431,0.39198604229197503
0.39654278232127016,0.6220867002278735,0.24418968257162285
0.8623637087467452,0.9495206236576421,0.73034858325704
0.14707348092903794,0.9265876251614944,0.13585505427923739
0.4921162930795382,0.25824438829895835,0.1267444538557108
0.4591357562382613,0.980032575285477,0.4349367174127927
0.4926180939928696,0.3287516102875082,0.1612420005444288
0.6334008543167258,0.24014561877819307,0.1515225633490314
0.07586332810866392,0.12887972191064923,0.009777088855449756
0.12804583895777244,0.15190269351229435,0.01944928142726263
0.13882717264941014,0.6408747448032146,0.08885349595347408
0.18188008439914483,0.3456672833238632,0.06282858581308089
0.8967884099060118,0.47396164026287235,0.41236023455215437
0.6675577385210272,0.17231987120162984,0.11477993081722747
0.19228901880867078,0.04086861626647886,0.007858505234589627
0.16893506307216455,0.2785903390319586,0.04704630416039721
0.17701048427674682,0.08870253375705561,0.015700633325120252
0.12063587110060081,0.46077876803272577,0.05555782682759974
0.2063337184057925,0.36426986104807546,0.07509040819643172
0.5034172708548569,0.6903948286293653,0.34060159849955574
0.039312139841098936,0.7994103989090426,0.03142136069896083
0.6279003894909078,0.08175903194887191,0.05131398192731641
0.8735786241067772,0.9208724005318132,0.7204524051940456
0.06107795985486375,0.2768776481472037,0.016910315832298028
0.8062012797930613,0.7482596903836584,0.567320114536762
0.18452101935637732,0.2093493233367103,0.03861974396891338
0.370472102791382,0.4845229851910213,0.17853984225795833
0.618254771530296,0.3689136395697724,0.2261102151444121
0.4625347161331479,0.7474709381337565,0.3388847558928155
0.0366832028905979,0.25243694434402075,0.009260063301504104
0.7133495858845524,0.8952068376871993,0.5960682505628259
0.5116774421156661,0.5321134852653157,0.2689189573755962
0.10717201133977605,0.44741236682345464,0.04793171080730773
0.5326172664550232,0.24247050363472966,0.12878529528328278
0.26924323094938096,0.37728416310462265,0.10140659879989886
0.02007119777772637,0.3220791655831783,0.0064644696073091965
0.21144800699654465,0.32749735217791465,0.06919333010661739
0.11976213181925122,0.890527280739895,0.1064493755152157
0.5935924535540487,0.6791023191444896,0.39228096502389925
0.7891712386073383,0.4984421989290573,0.3832904917232848
0.08692028808742369,0.5371065418185478,0.04666849845788767
0.5868411180208791,0.74543947418433,0.42363507344623313
0.4316595462296794,0.12758030279556376,0.05504342275307989
0.28377590579872447,0.3630822963986351,0.10285180266207959
0.6459172413316012,0.5707783046689119,0.3603802923065623
0.35609672589784624,0.9865152487929797,0.3441138665500497
0.6057748193568872,0.23722679173599448,0.14321190519018528
0.10178247262040374,0.15285913918433203,0.015557753471087916
0.24595772838450813,0.16068137325955567,0.039510538463084104
0.18656702405130576,0.2850951686938471,0.053164281005208265
0.17337359529475482,0.8967654246264252,0.15484982776086176
0.08023374566164221,0.5245113895702547,0.04207109272192817
0.4103968269896615,0.9823786169086064,0.3923316069311481
0.11203890216805235,0.39785559904574164,0.044560544463637566
0.9694704332753689,0.8655071258939803,0.7440311233001293
0.8170720709492799,0.25790282704493983,0.20916911005089714
0.17088758739006582,0.668643219924431,0.11401435314831264
0.9293759891275858,0.5567628930139298,0.4946586891431309
0.5716126894698998,0.2799790936602842,0.15935730337744833
0.7694929331919369,0.18704374855752337,0.14343243055765076
0.3236792364042437,0.4254364386164168,0.13727014558231188
0.507610378684455,0.24240973241508024,0.12273941048861065
0.11483682473920354,0.6106200424416326,0.07006421565371994
0.28863055324025577,0.5812382214226123,0.1669772823513947
0.1543627152742023,0.4811401018548175,0.07420183182963423
0.5325894325515859,0.05182353682242691,0.027597163852089997
0.3366042781939206,0.13441467693897424,0.045229120429258
0.06337497047276774,0.9899602323899452,0.06269755049747756
0.32235384497472297,0.8098744458546349,0.25811071411727343
0.25464065476376385,0.6815027222239293,0.17266857674666888
0.7602278598896866,0.5956387406078443,0.43750410968862463
0.47157618855015837,0.41184091414726853,0.19299573337255488
0.3488682665429953,0.9295291442478258,0.3186294479908066
0.8306194077877291,0.9650269106665126,0.7184490922462118
0.12429722348554473,0.7308674752036443,0.09071989580655056
0.9383404568210378,0.18123306616566015,0.16923982620727063
0.0664962673667775,0.741120649290059,0.049261810904044565
0.5744731131799119,0.8418287767582721,0.4649764390007603
0.1397723766262895,0.7952673118598902,0.11092764022964856
0.20162732004774453,0.1636559428657045,0.032991521352050183
0.16426579793099294,0.8145747202313821,0.1334078387032701
0.6651972206962001,0.5230654247691193,0.3409635403941036
0.3588304841235025,0.8772005408131083,0.30959425664757523
0.3924451074226354,0.8165994394715771,0.3150130980947656
0.4391349085702184,0.3769444294249076,0.16477457459127431
0.46267978566960644,0.3013778741641421,0.13899000798276717
0.7476093801762511,0.5027203900924792,0.3670526115638594
0.2322126951468173,0.8995745732745685,0.20737673617157593
0.3838912213732114,0.5435528611139886,0.20715421121033578
0.9064721109645469,0.6242379959139921,0.5361371812003165
0.11689804070836407,0.9398321236134751,0.10964365241967758
0.6277080530714179,0.3349056146570861,0.20867794796540906
0.13927207266338726,0.794025189270296,0.1103602769325197
0.6200727559285135,0.5334610919763215,0.32478527803281987
0.8938925830509576,0.7885972112245307,0.6479738111078058
0.15167487973275118,0.31172206779554823,0.04726279371727538
0.24848913981446574,0.743946292572677,0.18381145109856004
0.03353243473577938,0.5698896848713165,0.019108625587528454
0.7624586857406905,0.8767656367617495,0.6198076534281985
0.34208174871590746,0.8212573046720129,0.27725616570041184
0.11063173695520723,0.8464522917345182,0.0935076813383385
0.12748866233198242,0.39728729056036727,0.050627972051770054
0.7972953657795536,0.14991742734877378,0.11924405501600144
0.22925139523264149,0.7222525683930663,0.16482187042828794
0.7200365365460744,0.6411476328852973,0.4454257387951088
0.6939484444671,0.5427244433475962,0.3677820583168994
0.25179905890695276,0.34569599350391944,0.0869360430714222
0.18159771680142567,0.9084505613336283,0.16422525154025097
0.5833917947661205,0.4008514167636399,0.23172777446747145
0.4620058036441327,0.9472833396118153,0.42381248732947574
0.1533514031160802,0.5862298320167972,0.08977812412645833
0.505888678884466,0.6114542354346478,0.3044183854768602
0.01811018382084051,0.8721239089441515,0.015793667636571654
0.9321182824836124,0.5651331835892089,0.5027446827559202
0.6966508238768923,0.9224993811772957,0.599326863920753
0.7072386343133986,0.15253904291426135,0.10767236443862725
0.5762883601668132,0.6067150463828559,0.34256225966279685
0.424130671302386,0.7364442356247228,0.30729443228140035
0.9343670147690148,0.9255685129067763,0.7609789426792306
0.4508393714041321,0.11323804584075525,0.05102999587990729
0.9848411989623346,0.8388980864459341,0.7353489147978999
0.12466268120326685,0.9208418826173723,0.11454266061840479
0.8698963620621283,0.5188380571260721,0.43616754754115594
0.5912754357449292,0.39900270387013026,0.23373808385176942
0.05476163882203133,0.3351972416459009,0.01835491948675249
0.8028534485980114,0.004632023004602859,0.0037188270714825513
0.3334991716911442,0.3981686935909433,0.13239903110195692
0.5373956029379229,0.9198556164127605,0.47443876457883744
0.34634599436596125,0.3469532018962277,0.11987686465088321
0.7375012481097484,0.45221794088980716,0.3273628585056308
0.22460482293998196,0.4524395161326934,0.10144528859764813
0.14085702037979986,0.1763869865062233,0.02484278929648268
0.49836777273947974,0.4189254495045479,0.20726551345228125
0.9148459010681,0.3623938991166331,0.3254944174847939
0.5805883502780435,0.6322642879195304,0.35889642645636693
0.013094456588333636,0.6635373720167106,0.008688551991076059
0.17803596686975143,0.9610703174694551,0.1702713987104064
0.14866272775311296,0.41462412372702373,0.06160012882515378
0.08534966807864386,0.9968742518459474,0.08498026977460378
0.5021950103312426,0.5953850173200438,0.29456413478537175
0.06707647738842748,0.7499604703991778,0.05028349267690457
0.20990559309558576,0.8980542894407137,0.18739217772993327
0.20513964048200717,0.19068772066366657,0.0391076350117687
0.03654966784809488,0.47206694510999925,0.017253033987493786
0.5648411332626164,0.06570863942835237,0.037106421857351655
0.7755276166950106,0.4532888347480276,0.3443421656597338
0.52439026932758,0.44076274693822814,0.22907927126283115
0.400763060875326,0.5596403313082179,0.22240754532090196
0.1552402459307125,0.18192813049527112,0.028238813290199474
0.8617856210135173,0.9461154621336327,0.7279647174049237
0.37330931627975295,0.27074467314355377,0.10089951486854103
0.6439995432390158,0.4087341710980964,0.260195449870702
0.02538635566034486,0.15615259736619036,0.003964134991639811
0.7159722288473975,0.6589239419101514,0.4544647585167825
0.02709599250348349,0.22197216193294944,0.00601451977313802
0.2310747965880714,0.6718927435987284,0.15463448644731972
0.019710537754364155,0.10410858198457384,0.002052034695623714
0.7999160853731894,0.1785446620543336,0.14233570472935864
0.6527461078518747,0.23818278104672652,0.1548472961514692
0.09944139275934516,0.24317219099945409,0.024179024788612405
0.7222669318556592,0.8556964681062857,0.5794398727853738
0.8302198645669916,0.3971835296184548,0.3238061823776805
0.6680851365706462,0.20498429541582097,0.13651930094015705
0.29314773026101326,0.8963358185211198,0.25974565724750975
0.013001923510736035,0.08550853085446808,0.0011117751486512486
0.20788625514602732,0.026532203873819715,0.005515652537130743
0.18143543508979731,0.5830415609696922,0.10558721576599525
0.42142455059249795,0.8926717110769748,0.36738308426184746
0.8174435617384409,0.34181735169787597,0.2757947232708042
0.2594234334312925,0.3796924081672669,0.0983419014489678
0.5902949425148077,0.26806364082287626,0.15757709452552168
0.624148907849134,0.4094116521912404,0.2527619457600462
0.5520471808519802,0.4361265291353167,0.2384431256456193
0.29446575954191767,0.9484533069621567,0.27567036836633924
0.7636057941597608,0.14011317576645255,0.10678722600307179
0.8684679758979128,0.48743119824951364,0.410788184113577
0.8945522268940914,0.7998552559473152,0.6560041652162422
0.42521350446923345,0.022469308320117398,0.009554107976437362
0.2686773593849461,0.5416342146608669,0.1450117525017269
0.6334782198261473,0.2578876854332023,0.16264053363776668
0.13935607407282413,0.8349302367992991,0.11609024872871318
0.9844021807035521,0.5256901823026858,0.49470083706218565
0.1716792858483035,0.27230732651936895,0.04673250055085216
0.018390676547466733,0.914298806560499,0.016813781299975954
0.11775108289014113,0.5765164755142536,0.06783331039393209
0.274055220687206,0.5541780025157934,0.15129218493971042
0.6514203883518642,0.8297418037072016,0.5145739804214094
0.2064212717606032,0.010995828658480478,0.0022697709868168573
0.13688563006880727,0.9000186418481051,0.12288819832749577
0.8738900775625152,0.5974131021703083,0.49867838936594283
0.6005168604336534,0.6650366745462555,0.3888340680696564
0.1753712786234496,0.9144119459249598,0.15967516982253843
0.4187705248920731,0.38313852824949746,0.1597596022855915
0.5189177052828375,0.046965966775055046,0.024369059128663245
0.1662833687560794,0.7380336164263704,0.12241489617760004
0.08279866792512647,0.6031521094663882,0.04991943514677198
0.24534910968132095,0.38929561404197655,0.09536817375181844
0.28869373677069987,0.35567271646494913,0.10250014912220125
0.7190459051842455,0.297121715623175,0.21202260205403486
0.5664046402968972,0.47605040219909966,0.26638172144213523
0.6636711653626481,0.936829739324758,0.5824560252098847
0.7325720972102503,0.21494037859075676,0.1568094703656802
0.031183135061284672,0.2622640442998251,0.008178123951222162
0.5950779307002548,0.05142581348425035,0.030597590352328244
0.49636624720123634,0.5968428489168892,0.29193815520905075
0.3342438908169608,0.7709122037458219,0.25483077295193723
0.1065982531337718,0.07513778173580876,0.008009470638158893
0.7281887562036033,0.49549131620619846,0.3530333217083
0.688402396427736,0.4348273386037462,0.29488597196960276
0.2464020332391068,0.8191023176741997,0.20046102640008562
0.7994158789689793,0.6946964708544268,0.5272419140657851
0.2721451372299627,0.5902306668690871,0.15993855449932062
0.3609738969400268,0.09158207332663415,0.033052716687848045
0.9173135754622428,0.1368186309189614,0.1251763601853178
0.9502373538208024,0.44600577295795574,0.4112375804107011
0.18513292883861965,0.5419009473783581,0.10015550373981343
0.8729458358764083,0.7322248864095612,0.5965476872454801
0.8065611478614497,0.6587833667107174,0.5066968666141375
0.6922765645178525,0.8491956515653193,0.5545967220904693
0.24966800885918594,0.4894249636431405,0.12188989754001235
0.22120944181960223,0.987668007996647,0.2167474607914783
0.9440593396866133,0.0394268113685059,0.03721265558247344
0.7055751725156885,0.9252483174156658,0.6074386767619471
0.18057534512733353,0.5679452305526295,0.10237721967155711
0.9154882975880418,0.03394597858579884,0.03107214405931244
0.6974202672468399,0.29734900737255077,0.2058940299673523
0.9243961953765304,0.9710582451653678,0.781859318197949
0.9442664891134339,0.47421421665746377,0.4329696119246119
0.8620426509893134,0.8445493985350704,0.665406023428445
0.31910047324325563,0.8289154741506773,0.26143375468569097
0.03700763471549262,0.596269878482053,0.022064747080738065
0.23000883728770305,0.12056688577727881,0.027727894948497773
0.07695320162920916,0.6962887758781398,0.053556015482733824
0.33987496376806614,0.7247667715287615,0.24384647031377482
0.06535634079894237,0.31529033783061033,0.020604764510751893
0.5394912923753372,0.7907231648389635,0.4137672293801972
0.3187525029320699,0.6258913764370091,0.1981836273743463
0.8859777482361871,0.6158631881823046,0.5189661895274011
0.23295947475363377,0.02440078155653802,0.00568436264237674
0.8700988739009299,0.021269410850387138,0.01850543406565016
0.8747016726841994,0.528937134027212,0.4463319982206337
0.9390676985128962,0.7987832357736654,0.6817203645759881
0.9979341105333375,0.35071181545171015,0.34288586199451193
0.7671882889311269,0.40193091360924216,0.3034932458547044
0.47987562030390885,0.6275054632183701,0.2965943655772879
0.8736771141863388,0.9840834691992951,0.7576932689494149
0.7682734138645182,0.41776678216733376,0.31547683881083777
0.4213570022770702,0.7375823015888915,0.30580656935914474
0.23877714576830233,0.11047411313139466,0.026375634316160364
0.35462215764077654,0.28723899165408173,0.10168525481905094
0.2963081204559901,0.23360775104990994,0.06916461029977572
0.04209318963636188,0.01787393473341381,0.0007523708533001121
0.9877223897360315,0.42777313373586234,0.4100611450473214
0.3843266471596817,0.6796472826930698,0.25824637333485334
0.21825388786506417,0.9499611839502253,0.20585048079100637
0.786345014415552,0.08941100231225951,0.07024998588254926
0.41758077578492836,0.8791183075621647,0.35891287719172765
0.9447320222914103,0.4674015112498697,0.42735865372748244
0.6134113892107077,0.16703394609207523,0.1022813445136279
0.9911686261369765,0.2316717013834434,0.22761308564040145
0.9427317741351257,0.6496466489923685,0.5748677706513443
0.6077367948788591,0.5126885110165086,0.3065626303111708
0.2306698117177587,0.17652803200550826,0.040708436000360906
0.22048620907017535,0.18643826214425452,0.0410954895667134
0.7795844735667533,0.3501252591667301,0.26957552991322714
0.05784267656339637,0.9691026301408113,0.05602613817595627
0.8837858849634257,0.927752283195213,0.7311010557691855
0.9949078226464353,0.1738952492194873,0.1721479359266054
0.39624201890265875,0.7582384757040913,0.29594620424178836
0.6960206180537922,0.15389590633985506,0.10691001004736793
0.8158331249906178,0.22444057183666066,0.18208457566124941
0.22381761482262308,0.5369744228934136,0.11989521418988355
0.5929399348417032,0.5800862078378112,0.33721427232601353
0.09148683739775487,0.8774608626303804,0.08018992707111616
0.26560004258870606,0.12951492128280417,0.034392384904529394
0.8887480798689772,0.9556514982297534,0.7508403159964058
0.8621276172654506,0.8095160747248781,0.6426148226199445
0.6552419806390217,0.5508573706091393,0.35315838099695496
0.08698675991141014,0.4084532130706987,0.03552254663973468
0.372688517012314,0.2597537837603262,0.09665611610864762
0.7234201136885849,0.4958757350787708,0.35108206521083796
0.08104621590764793,0.22018320194981134,0.017844068231497267
0.6832587636595959,0.07613085949030018,0.05199362234279203
0.8512069140487687,0.4951465270139743,0.409104212104328
0.480586577326648,0.5924077846595176,0.28087263975653654
0.8246809659251492,0.34780920790219305,0.2829147271485223
0.6780161525590636,0.5657319639957911,0.3742384479610378
0.2670282701694213,0.878629986355158,0.2324724847897226
0.7974260216069281,0.6584518346584255,0.5012706574402173
0.8505817290942419,0.8672942009598024,0.6725910568265526
0.7083629767150348,0.837013328363672,0.5587760815756182
0.6974714616692836,0.6801407717603004,0.45678591096026994
0.6186113782151843,0.7527166395576412,0.4489939313559918
0.1586051052930737,0.8808707591989284,0.13925653981248756
0.871843527745232,0.029247283034559146,0.025496291252566604
0.8258167505647627,0.1288698674734452,0.10622212095008454
0.3351188542591419,0.7435082562916078,0.24659350836234512
0.1607598960483082,0.8179670241190622,0.13111766482994644
0.8321341779577419,0.5074677337608362,0.4098423702558424
0.00638587171683358,0.2870381331749128,0.0018329876698674585
0.6169269183757422,0.9811861780274235,0.5690253836221433
0.6318135270166684,0.2598035810641598,0.16341126775965978
0.6340057030996114,0.5399853797158555,0.3357052319329811
0.7798453951511436,0.10698063882695841,0.08333161129275574
0.761027902502028,0.5412665786761103,0.40036851946382823
0.9629920038589946,0.3418721660386861,0.32330517039208106
0.6326218931339481,0.9320281055100175,0.5560463760738813
0.10250972799067926,0.9372284872364511,0.09592730344824867
0.6878857223008134,0.0678370591051719,0.04664721071983308
0.30096356694681625,0.7081720886452816,0.21152401783447217
0.0673506014687717,0.5821704601762733,0.03919948471677623
0.34588305695295674,0.6209155177674771,0.21311700971165226
0.04574203381251285,0.8715368061523763,0.039855307176013606
0.9734889691773969,0.9688778552856915,0.8094365305186819
0.7496518317429247,0.13008624013063197,0.09736489294415487
0.7582631959290226,0.02458691645880151,0.018642273878016678
0.022123551528997254,0.32361021914954125,0.007159346197062185
0.48864319040466575,0.7704074178077932,0.36762541436214297
0.6832953766065052,0.44590270637674834,0.2999910364574673
0.2736266662816659,0.9971245001577111,0.26946732497051973
0.42618130223597295,0.4513870243296755,0.19118837228895383
0.16362382119166918,0.7948095487499294,0.12968349793433145
0.6936822257814886,0.2207696127887604,0.15254604193824478
0.0823810456158427,0.6804993020747131,0.05603088476193649
0.6545112142811352,0.2732595269982093,0.17789943714695508
0.9508635622504104,0.15105789178090023,0.1431420604589355
0.4323348010426019,0.9436159201675989,0.3967357385281025
0.4197273169261223,0.6385259476640855,0.26480990338360055
0.3975943979627943,0.27421520234867003,0.10881056142592507
0.9839776479598282,0.409334006315043,0.3919732556360667
0.8940992036791344,0.22995460589108618,0.20415674286024563
0.2131047040250833,0.03113408288451136,0.00663477083992629
0.651666825375885,0.36852634372376114,0.23785453347617566
0.864358249839637,0.47320990669155716,0.3977130069373267
0.9681934279147217,0.18552551570312115,0.17866021115270042
0.8686231679556108,0.7765968527917417,0.6245615694224762
0.770921844644052,0.8447832281168877,0.6061904576629448
0.7610239909429989,0.6262203216314154,0.4587329070581881
0.13124487768238757,0.032526179491251916,0.0042688814831454815
0.9208478478156868,0.616650314520738,0.5378132251894715
0.7965372909761763,0.4815223515125501,0.37421535708949394
0.11730818896239448,0.12518579220255044,0.014684790736967115
0.6855652872289714,0.4303058948994627,0.29074251427404196
0.20052472670033672,0.4915945467414369,0.09841728792172758
0.06420893707513409,0.5819714019143988,0.037359069319858884
0.26899340443509767,0.7975591006371882,0.2128961770152231
0.31036195892357377,0.4552201490818012,0.14081346360768135
0.011620539908100636,0.07244688779455888,0.0008418718513884667
0.3924935564066848,0.4799388347171235,0.18726082668707383
0.6000205481193037,0.29166257870930323,0.17411162386225873
0.6949818861265425,0.8601223971892046,0.5628001475916795
0.7798509888933498,0.039618825348357145,0.03089186462685805
0.48050694725782894,0.10493017841817487,0.050398320073517425
0.24204501586252747,0.9866625932671464,0.2365531373034535
0.14249554290151323,0.49888815345135606,0.07102947610753325
0.6181557343181191,0.702464970544104,0.42071448108593545
0.5596486834869141,0.00977084741918366,0.005468214643144818
0.3264613082439919,0.5177116433847114,0.1682093176055995
0.08786649914483335,0.35062693120918076,0.03080348753035802
0.033203108791366565,0.07857849715502074,0.002609047429670993
0.39692327620159606,0.13271575404306035,0.052653611991077105
0.5675408482615582,0.6894649691372657,0.38139004399997534
0.8005866991090829,0.2001502442448101,0.15955279038401204
0.16748258225906976,0.10456784033440025,0.01751239666815067
0.6364302495436367,0.7064757264869012,0.43462560497363484
0.03158614482564204,0.9362122462436898,0.02956702594164076
0.05197128365147241,0.5412963353010705,0.02812815492654349
0.7090605194509164,0.8709691237460856,0.5790555750424579
0.7140869321324278,0.8017280830697918,0.5417380942598462
0.33945019254280606,0.8148251137465122,0.27307929426955097
0.08011484638467514,0.8948166560605276,0.07162671166932022
0.5475923761537362,0.8172977699624937,0.43275455456727174
0.45231828451830014,0.643577695196525,0.28700799677973565
0.5264026609361132,0.7315895217553319,0.37566170412424665
0.08162998203058958,0.0603520839905638,0.004926519603180031
0.24710323401014644,0.15954468011318834,0.03941379474336266
0.8717835665922017,0.21921398735804432,0.18994600670758038
0.9758652558191313,0.33689579177110685,0.32287432276128386
0.18211791568869928,0.7896985071424791,0.14332297666730084
0.6587077755008761,0.498195716453139,0.3223068673280028
0.5553635509376312,0.7192017782722638,0.38888263661965533
0.22845474133129873,0.9963339160567419,0.2256568331367627
0.9747931621467831,0.6503256863469369,0.5923181913149764
0.19954245092914513,0.6802282424312913,0.13531800317205375
0.07219840897917584,0.030652502205806065,0.0022130600840258308
0.2576828885112137,0.4626229567393163,0.11892787083575958
0.8682725054083805,0.727169069766308,0.5902600091801277
0.742706521199981,0.42549333444807536,0.31078296111237474
0.3459349925469629,0.3710387629846027,0.12800313795166118
0.9876495637360578,0.04010919141248248,0.03960346551323814
0.8670314961224486,0.5786754085723934,0.4809428675074539
0.43861541918959046,0.7252576604151365,0.3127711781574103
0.48666894142470285,0.8734232380816606,0.4123826974367995
0.9007018640112585,0.4217209268734554,0.37077635934563263
0.2768277972350516,0.5923503285933622,0.1632451485772167
0.912363345616691,0.21066218900566658,0.19101929660671568
0.6229665835634828,0.6315602200925206,0.38336868941433666
0.733113022415281,0.1315676851272598,0.09630449498657132
0.7158249646820886,0.909032520665641,0.605750018192205
0.17968310887024197,0.23754332492387764,0.04266956447318288
0.9713950940416396,0.18097695270948977,0.17489598511152424
0.8543850933695791,0.4922778564480348,0.40830354311058165
0.24723107440317704,0.8707499012725114,0.213617489274995
0.4453052550026655,0.5148173539296902,0.22724805991801386
0.3592333693997657,0.5929508514349274,0.21140060762333623
0.16352387258502277,0.3910815366517607,0.06390758554896497
0.9694123223352875,0.25813343270112754,0.24763429226390954
0.6567366645412922,0.3251900642246949,0.2119445034206648
0.7734731256866006,0.13087366071834983,0.10105446939808395
0.9698210450785447,0.45378954138363925,0.4260250954333751
0.23605046334646396,0.07349674733001266,0.01734807097741787
0.16975790508754074,0.5197739485560177,0.0881212873013311
0.3370031764312863,0.8288833658826095,0.2757177613889641
0.43088752366180594,0.2487142725876299,0.1069628584276359
0.61714498660403,0.7067772168854458,0.4224838544118924
0.16704190790094986,0.16761921628831766,0.027995775388387604
0.03667142693354297,0.7364020150656405,0.02700163051787337
0.6638045276218051,0.4746308757498139,0.3098755381624057
0.8441704489691971,0.8056701529500532,0.6288886099643912
0.5853543643967521,0.8682712805132586,0.48664603790955036
0.20584121003676825,0.11191961939772788,0.02303563212441384
0.2697496115169896,0.05708685608931485,0.015398548649295875
0.531169528001032,0.9366056922949615,0.4772269257507502
0.03934354066850965,0.1221099140100268,0.00480421788705699
0.4521990282834353,0.9338750175279049,0.40985708327659104
0.3161561049767505,0.5072348086883924,0.15967891048161068
0.0415728590503921,0.14834320096208886,0.006167011893342473
0.9866301229588469,0.9651186964360455,0.8147020396767137
0.004939980934409616,0.951811785423239,0.004701914747974474
0.6391199378155004,0.8679182945200221,0.5266916100451023
0.4547398556338591,0.5155960285792502,0.23231980098586583
0.4888465802569202,0.6668642575461043,0.32025088815518055
0.1396512547563129,0.029973589872677953,0.00418583721166925
0.3079299415911909,0.7046807627366467,0.21529343963447237
0.20185345212294836,0.6734324333249173,0.1355164093473254
0.9699120461072704,0.09390071578941839,0.09094957982466155
0.6726021182251263,0.44375021930457115,0.2940556516949546
0.8681422543775054,0.1771497894473859,0.1531856958196508
0.6926259522261645,0.8381152896481102,0.5484424345465965
0.9446142194740232,0.6832480282896458,0.6015226660464154
0.4971747640084273,0.6178472402012138,0.30236999320823527
0.8689049844787182,0.5706097466388297,0.4757404465002536
0.03038705969683686,0.9309486955069778,0.028285020690639526
0.6895267510315611,0.6765133857772465,0.44973987552333505
0.21567515239771717,0.6588854702326572,0.1416274305626159
0.3938644056541585,0.6512329770414921,0.25369419083733163
0.10659303030799072,0.657845304603036,0.0700642732073384
0.9994137257706666,0.04821203886055603,0.04816513103031812
0.9771741842213173,0.4069079607228706,0.3872250744188723
0.8707534503372591,0.7823854840582735,0.6297760411876366
0.5670162609866678,0.7384492092513265,0.4065847048655916
0.8785155613013479,0.404140321651033,0.3476312102120314
0.3270331615632387,0.6675933855635847,0.2165948608354388
0.8078459419412586,0.7622851347766157,0.5776190645420435
0.7978136488586345,0.435583314812933,0.34056176472563887
0.8178342161750216,0.12020905537060844,0.0981527912090397
0.5444890979608495,0.0057586604981215705,0.0031355227222455533
0.3245858299002703,0.3664615348713979,0.11866792641185318
0.3961726916092554,0.6954672066898622,0.2720522835943198
0.38855810127034573,0.44869362262253065,0.17346166856836037
0.23754413087432746,0.3732517916293401,0.08854764986436457
0.22726962726315147,0.07319592376844364,0.016634443078411356
0.6034485933813779,0.6682127985550163,0.3923932398458763
0.6194903460096145,0.46349404380057235,0.28320097334277816
0.3797857801792298,0.8633336495718252,0.3220384373799476
0.519081785136218,0.47918187762973097,0.24617768465078896
0.025642065806435688,0.34124782762615635,0.008750187587618643
0.38019561878585706,0.3988227808969005,0.1510502963318661
0.5801723692273323,0.5336025467268785,0.304660014100207
0.6079050927934446,0.7648832615421283,0.44840173402178596
0.8129857387160935,0.7181230762264944,0.55121840479787
0.9555236959549347,0.01823258267636163,0.017420783511394644
0.1957779856835461,0.00756287497814212,0.0014806438881924634
0.647474714154603,0.8980305489499869,0.5492379634221775
0.24348229657629927,0.9270345447963066,0.22380474475466003
0.06026739028956085,0.9344360268055143,0.056286257792725405
0.3516226872396344,0.10142082844921652,0.03565430578240086
0.48587175918632564,0.25677656772050794,0.12443708128135031
0.28487290196192283,0.3072899649262866,0.08742682546569681
0.8030258978326634,0.5391612766752545,0.41955993596267804
0.31130769915600365,0.6103337833109184,0.18886047187836413
0.7161506742231936,0.27262400073353377,0.19400184537820292
0.4135491015253515,0.12188609333694755,0.05038454228084551
0.18114934953468032,0.6811178539649828,0.12307123563655045
0.18143834769562694,0.5251633836670602,0.09514065729892901
0.7090462617224327,0.10687692309474384,0.07570817250354618
0.5673122196289035,0.25656278370136376,0.14503782565979217
0.9629268752375798,0.4835456467199247,0.44897607918124754
0.8059925497751581,0.5502265421562618,0.42908405473576633
0.043412532854819164,0.6331513755940223,0.02748324390474239
0.951403342206657,0.6016118201463312,0.5416304570206596
0.8191888594267902,0.8842064633484078,0.6626353602002504
0.22807977194893247,0.21204483990822665,0.048344287425333955
0.6109809888509917,0.4110284698067047,0.24849923480895184
0.8398613028667203,0.9000231233980112,0.685939900997909
0.3534213793027181,0.23687055897448206,0.08361737158034209
0.7805255152438618,0.2748060355481361,0.2128521935512101
0.8226143185136784,0.42373825364876283,0.34155711936958966
0.6675498992914705,0.09553531383466818,0.06373136727042528
0.623859324676573,0.4517676787372291,0.27812302128291605
0.5866084631754741,0.16801420774486342,0.0983990708404237
0.7368737449441821,0.8627970775432285,0.5937992661762361
0.21673980009077565,0.09571455552016173,0.020743665675678813
0.023638586046336396,0.641971500443266,0.015174716106773593
0.6070940360887808,0.54669741271407,0.3258368396506707
0.23194709611597542,0.39090599590551467,0.09054532992085577
0.594476335186173,0.4967668588591694,0.291042320642056
0.9877855202148873,0.13643975255673313,0.13436558297462625
0.6951445540475938,0.4043187681042921,0.2773742020306032
0.42819961492561476,0.7175977656581762,0.30246248090720124
0.6924361513243696,0.9912559937021883,0.6337422559432806
0.12839428945412523,0.10410964938416634,0.01336668639212543
0.7243388171287412,0.5783869170064091,0.40679974510124656
0.27416066655980587,0.0794193689889866,0.02177194672488773
0.08565824959643054,0.8941908746641183,0.07651995309328609
0.1918673247187429,0.32337156211552076,0.06200463737282268
0.22665640222698802,0.3549963058319373,0.08037539269608374
0.06942384274609337,0.5190597909082704,0.03602732702275834
0.0676125635922149,0.8003565078223616,0.0540877483578069
0.23371208191043302,0.5400119146045106,0.1258725312251236
0.8800790875614583,0.6508773690471942,0.5420070532837205
0.5329577865513353,0.3243337531153756,0.17199668154346567
0.33300191305819793,0.6694869551981901,0.2210982403417156
0.9941393612211675,0.6618391898493786,0.6115043012973558
0.5577834173700249,0.7306505102392461,0.39635635733424396
0.46520561228371815,0.060142342600785215,0.027974905189857863
0.5622968158779098,0.9576252845053802,0.5128227941639483
0.17530294235765964,0.6900048908206657,0.12066513669286352
0.20093368865905648,0.5358276844730813,0.10745794449232608
0.09667644964671962,0.45037093625818514,0.043526507503705764
0.7561633288952461,0.3475715242389821,0.25980555774111685
0.664911724487218,0.7954499607897292,0.5045874056828346
0.9271778194794527,0.23464208185545354,0.21584283927685388
0.39931591580930814,0.15241601333041743,0.060824572648287986
0.9924835021583752,0.9270009679242953,0.7956217129265893
0.5399571302805596,0.8420332943764213,0.4391585697789994
0.5209579772720422,0.6235856880027597,0.3191779489019
0.08912443211601662,0.7552704204968079,0.06726222574646976
0.12771348363523483,0.8260676302525284,0.10530437690673003
0.7820280876703859,0.7087446977429764,0.5263127506814596
0.036160380524762115,0.3031283559453286,0.010961017203739057
0.26311256991084286,0.3601364074715191,0.09461467985893451
0.08764274676383854,0.9369578230310628,0.0820252978635024
0.5538022407123763,0.30552431065802355,0.16839387435065356
0.3969815170742834,0.44720254050483565,0.17660006085991417
0.6005943333606173,0.5156794276964978,0.30478639191378776
0.9193919732144173,0.49696348290583026,0.4411720180340853
0.9921580148233127,0.8514249577450957,0.7478038917789812
0.2085105143573358,0.9305952146439163,0.19282354781042793
0.11636639788547609,0.8174497084911916,0.09498028826091662
0.3806232934765801,0.8779743204450695,0.3279922599585344
0.8680566901074503,0.8059254001176211,0.6439032331939153
0.7900304363070614,0.3046791390980408,0.2383881308981186
0.08091928305125218,0.40298017876516146,0.03260308841434737
0.17352451498650867,0.6949510889024617,0.12029898652532812
0.34609972653778553,0.9756102008599149,0.3312786479492422
0.640972077345332,0.822480563634361,0.5031043331877322
0.13252467274184843,0.8620144822726226,0.11398987426976193
0.9227571905133943,0.4870619188189359,0.4344611145140852
0.6062529377509774,0.7648098009029954,0.44723200237461513
0.17483862726041255,0.5025660764634424,0.08775493837143739
0.3986630277723131,0.1463739921622491,0.05832078697652858
0.36753442229153144,0.06817230938549357,0.025053048826147565
0.025811906949486985,0.13516628915482276,0.0034888926003167793
0.9631151115891738,0.549529535895017,0.5048948984981632
0.96582216115322,0.432497878330132,0.4056739286474988
0.3118161330852596,0.5061418628402441,0.15716883298227483
0.4395116886329101,0.10566468426174391,0.046424172023689515
0.6408263146902062,0.2160381825095996,0.13800113260357727
0.6195879548978296,0.6502010923981534,0.3920480046014329
0.1520248531286481,0.06134962711066816,0.009326532835514717
0.7807615860684398,0.4598004237693202,0.35133301871585565
0.05816379550547579,0.9948663171697671,0.05783291397175293
0.05778056099636664,0.6950352288585532,0.040148731509478376
0.9836789252634136,0.23918010421592562,0.23311180667067224
0.14224936868719618,0.1213849394224289,0.017266073000088446
0.30327514756759555,0.10104581101064669,0.030639887084185184
0.6921613416941319,0.06229179813006269,0.04310261713727554
0.5094221281497897,0.9966968538529768,0.48620310328205235
0.8139702695060188,0.6152194382310109,0.48010142616845775
0.30625362078661167,0.6238958362916385,0.1899098835226619
0.5270414639116516,0.4260833838903715,0.22268095088521464
0.13071037674019947,0.8866042152404667,0.11562914610988019
0.4497846488213225,0.19462251182076507,0.08742646094651796
0.3677593508772896,0.41412975252892703,0.15171199662327567
0.8275378955668743,0.733614380561402,0.5704829015677835
0.7693048936413398,0.011031264428647214,0.008486303844518876
0.4161539981797615,0.4813441516353236,0.19897636923788034
0.019192276823056686,0.2598132087450342,0.004986386360664355
0.760289823122135,0.13710970572899905,0.10405442129960588
0.5353101314525917,0.2152018720172375,0.11494510916008686
0.012120774643893273,0.24120145759954148,0.002923544346683329
0.9758737549100538,0.8015371118829896,0.7048410384640554
0.9595766443210334,0.48785404392636245,0.4512212481639268
0.1097361986775035,0.547959488973693,0.06009476160015613
0.4543773345599609,0.844357082739616,0.3743138491168327
0.09808258078424459,0.4882411370217782,0.047869649642347176
0.15004866469398426,0.32467592689006,0.0486979209666212
0.7373570773877997,0.47601812936876653,0.3438326295412693
0.37588828514576933,0.3944762785700353,0.1477362487345347
0.45944676840598664,0.7850165438370569,0.35290430600693407
0.8920846889402344,0.9553346865039283,0.7527565170654545
0.7869033862552951,0.31540689574801273,0.24565443209983545
0.6881347060865421,0.4376031240553919,0.2965994497717137
0.2546706220460512,0.8408715794259226,0.2125123172148167
0.038426348962324997,0.9017619921354235,0.03464448695905289
0.46147746462473416,0.6372014768082804,0.2898347020753068
0.6593539222057827,0.8951177407065364,0.5565266957486666
0.6366696821672073,0.6139335847600618,0.38099562355564426
0.06665204056068996,0.5184080219452041,0.03454607741684917
0.15016900081704165,0.7374337687214856,0.11051349232817498
0.5122219208126745,0.6802277792083533,0.3414202953917737
0.041672900602384266,0.08479201604580322,0.0035335219033834383
0.7163233880626823,0.07208433599867337,0.05161275327757855
0.0712567277652586,0.01210847523488745,0.000862810216412764
0.9565013982994801,0.737508359459007,0.6483595701985496
0.35325140850206416,0.2965355812876552,0.10456014534177716
0.34970322974584955,0.7746535311811819,0.26759760637961455
0.6613706110704144,0.18519556786746794,0.12217688616179832
0.17410933533408435,0.09839564971339732,0.017130763186369333
0.6603027197013381,0.7643726622217359,0.48356005094948457
0.265046428325004,0.020944961030912812,0.005551358599012663
0.08217166747642735,0.9678600348450305,0.07944685917779196
0.29544477747742026,0.7692231478381336,0.22531171075796336
0.6246635688542638,0.3819396396528959,0.23632675868070507
0.2056872621955551,0.12138641815940643,0.024965046032530257
0.6150129680388666,0.774633780637788,0.4585917354366749
0.6439042535411307,0.5303021332491583,0.3348667379480471
0.041951223431636264,0.9684887775943838,0.04061811196288544
0.7987141916545746,0.29282203670096474,0.23175470958789168
0.9799703293588506,0.6018815896363221,0.5562165136101946
0.5824226582072465,0.7480731794295321,0.42204036543193435
0.8117697880901376,0.6564786073315027,0.508041535083178
0.12809574636620003,0.3382675059944984,0.043317070735481585
0.9280836403260497,0.22461561184385193,0.20695551543878576
0.3721670238375133,0.432076882944196,0.16011264346310197
0.4394049896944522,0.6129395824945255,0.2660844077696
0.9430758377447076,0.24069271183250496,0.22504720222663074
0.12150137630091806,0.19747048985993731,0.0239906343968034
0.8869249002092695,0.645810812655206,0.5419752275162532
0.28590678923916013,0.8159469389686173,0.23117455756639274
0.861369996363436,0.846514338690278,0.6662449841789971
0.9189265336395545,0.2522410201733616,0.229720960687487
0.7550419287462783,0.46053949727414,0.3407613817355864
0.8419985528900615,0.7284906771616132,0.5756412129033034
0.7764474464997246,0.6561618376810715,0.48771914883219725
0.17742876946970687,0.5450269188969383,0.0965528046720598
0.9846697395245082,0.9373880664971189,0.7974261560099015
0.04317373579701167,0.16481481572943713,0.007115611262186719
0.1317287734545619,0.7259799099852955,0.09548674096317383
0.8177853298569451,0.2135113663106719,0.17372059791813016
0.505852692951829,0.8407030280112,0.4125684694518035
0.7328015447662506,0.5422372054918483,0.386978251781545
0.5903476904587729,0.50836054691628,0.2956247901540701
0.2975484513188206,0.5650219928590161,0.16733055074837544
0.6888853020500907,0.8733229158608077,0.5659782155377094
0.6362913539792481,0.761121537043158,0.46558459501573984
0.160071634954573,0.4615574744197899,0.0738150624259254
0.009331619827093296,0.24667886452162302,0.002301911350196934
0.7264617151130048,0.9918099513493635,0.6597694787424803
0.0991780995872159,0.40149431586128825,0.03980892120411327
0.8000709686991595,0.20403563462889884,0.16251892931268255
0.5550849493022862,0.7330712960296748,0.3957798105953421
0.615985450260179,0.18802473461541613,0.11556173090453066
0.3553845686857394,0.7837917844853972,0.27495942957502517
0.5542265141320166,0.005229613542912737,0.002898386426078741
0.7609907600280938,0.03531135494023907,0.02686838102457927
0.7457337827312321,0.2024805601652374,0.15042346148404703
0.9580734801193802,0.3679407513020845,0.3452585634788943
0.3269316163380791,0.14888805033244468,0.0486569912048734
0.3056042154902149,0.8766507618282006,0.26471480809684883
0.9963343376272473,0.36830953050684834,0.35877896017600275
0.44861063095454257,0.722070938202737,0.3182933838189182
0.8861957804650745,0.5930443341867842,0.5016917865654624
0.39152569817782934,0.41262184084862374,0.16085024448213608
0.6956181464968069,0.0032182636042786816,0.0022386806934128465
0.6195893374598407,0.3554930104413574,0.21848303560933868
0.7941973312770843,0.09299063982313216,0.07378580086492213
0.5882022669483905,0.48097288988612374,0.2791505160824121
0.6423255259052274,0.06485359448296835,0.041645072187118236
0.5799837874281313,0.5614845879595237,0.31992654633671097
0.5606600944161709,0.6034876665964548,0.3319324634912735
0.6764679372263622,0.8049889996807698,0.5180325876045114
0.26982072012821434,0.8250494101800621,0.2207812613351746
0.4982556822634536,0.07705827913433116,0.038385292843696815
0.0585509292439792,0.3342383186960608,0.019568715010302926
0.7848969771114676,0.7076809347409158,0.5273313322642703
0.7886149646724064,0.5172690564416094,0.3967064723919013
0.44019899795549056,0.14745252670628395,0.06486288638662908
0.32819275360931155,0.43401936617387527,0.14196081442459535
0.08860042967961723,0.22061195271121126,0.019545069187607005
0.5982252940637388,0.7356631142391898,0.42602295631204384
0.9983475113929496,0.9331133313435577,0.8025583705098087
0.6425651995351915,0.421248053294072,0.2673861026504349
0.6361773647082327,0.785651618080232,0.47926210332988045
0.11833619092338732,0.40990488969628824,0.04848756376055589
0.8398022856356172,0.383832951933044,0.3167905033661145
0.5718722712271865,0.5877693608621982,0.32983519874582407
0.18447625313363936,0.3622354416522884,0.0667741153233653
0.33451128874193214,0.026196708532064794,0.008762982576609294
0.024191763891355245,0.8316970436757735,0.020118861015370276
0.2730708099728124,0.5180787662388154,0.14100074732948428
0.29872557358877305,0.9406792451153405,0.2773213186905629
0.25929675886577375,0.4296568127389351,0.11117829687546484
0.8727302504846018,0.8419335667918086,0.6704245989626999
0.18610141784627732,0.8026433097957104,0.14881820100632623
0.45818688673789265,0.4829688720853552,0.2194883526606071
0.13347997241594378,0.08060151375712465,0.010758480282306688
0.7279393069737652,0.49646115235529975,0.35357814459956766
0.43685070261517955,0.7295082286523967,0.3133191671447114
0.7655128989911097,0.15890816766935356,0.12134645763948876
0.6102251494776413,0.13535408227768553,0.08250258251594222
0.7513750860290457,0.6569551562671395,0.47381661095836175
0.956614621083458,0.06895801635642118,0.06591841457295722
0.05705472115125432,0.28218707469320015,0.016099409307699895
