0.3745401188473625,0.9507143064099162,0.3546389172932829
0.7319939418114051,0.5986584841970366,0.8106794461076438
0.15601864044243652,0.15599452033620265,0.055519693180968506
0.05808361216819946,0.8661761457749352,0.01727712941272535
0.6011150117432088,0.7080725777960455,0.7954339471667364
0.020584494295802447,0.9699098521619943,0.003323576094354887
0.8324426408004217,0.21233911067827616,0.6301648178920465
0.18182496720710062,0.18340450985343382,0.04469431804526391
0.3042422429595377,0.5247564316322378,0.1242603653156038
0.43194501864211576,0.2912291401980419,0.15321180276563326
0.6118528947223795,0.13949386065204183,0.8165099083684779
0.29214464853521815,0.3663618432936917,0.23639696242007108
0.45606998421703593,0.7851759613930136,0.515724149817418
0.19967378215835974,0.5142344384136116,0.06541320173322586
0.5924145688620425,0.046450412719997725,0.10626220165038874
0.6075448519014384,0.17052412368729153,0.5352065009007027
0.06505159298527952,0.9488855372533332,0.020383083577466724
0.9656320330745594,0.8083973481164611,1.8805707913607659
0.3046137691733707,0.09767211400638387,0.08338972914959385
0.6842330265121569,0.4401524937396013,0.14428178470713493
0.12203823484477883,0.4951769101112702,0.03063455456571003
0.034388521115218396,0.9093204020787821,0.007483232895406266
0.2587799816000169,0.662522284353982,0.18253927261725464
0.31171107608941095,0.5200680211778108,0.12277699241243911
0.5467102793432796,0.18485445552552704,0.15433852610761226
0.9695846277645586,0.7751328233611146,1.8907079540580334
0.9394989415641891,0.8948273504276488,1.7479527213288457
0.5978999788110851,0.9218742350231168,0.7923977822836847
0.0884925020519195,0.1959828624191452,0.03247143775588682
0.045227288910538066,0.32533033076326434,0.009570369458129124
0.388677289689482,0.2713490317738959,0.37064760004035513
0.8287375091519293,0.3567533266935893,1.4412438227234963
0.28093450968738076,0.5426960831582485,0.1290898482000305
0.14092422497476265,0.8021969807540397,0.07275959882650218
0.07455064367977082,0.9868869366005173,0.025110654821767414
0.7722447692966574,0.1987156815341724,0.7921109795092737
0.005522117123602399,0.8154614284548342,0.00044077915234437423
0.7068573438476171,0.7290071680409873,1.0699911852480328
0.7712703466859457,0.07404465173409036,0.7853005235608395
0.3584657285442726,0.11586905952512971,0.11286654735047764
0.8631034258755935,0.6232981268275579,1.202339348242656
0.3308980248526492,0.06355835028602363,0.25577542276940307
0.3109823217156622,0.32518332202674705,0.17032696188973934
0.7296061783380641,0.6375574713552131,0.9585273975975228
0.8872127425763265,0.4722149251619493,0.06887597479100294
0.1195942459383017,0.713244787222995,0.054560373771009
0.7607850486168974,0.5612771975694962,0.6446637509397616
0.770967179954561,0.49379559636439074,0.19017730604806188
0.5227328293819941,0.42754101835854963,0.17956200946333364
0.02541912674409519,0.10789142699330445,0.0034817381218563686
0.03142918568673425,0.6364104112637804,0.006187245770974712
0.3143559810763267,0.5085706911647028,0.11074104024220646
0.907566473926093,0.24929222914887494,0.5567794127322645
0.41038292303562973,0.7555511385430487,0.42856031064471733
0.22879816549162246,0.07697990982879299,0.06858308179589193
0.289751452913768,0.16122128725400442,0.21464325490206485
0.9296976523425731,0.808120379564417,1.760084349284062
0.6334037565104235,0.8714605901877177,0.8924284546620345
0.8036720768991145,0.18657005888603584,0.43699310514316086
0.8925589984899778,0.5393422419156507,0.6107639380202657
0.8074401551640625,0.8960912999234932,1.3432863802621555
0.3180034749718639,0.11005192452767676,0.25760703420122977
0.22793516254194168,0.4271077886262563,0.07150296640929185
0.8180147659224931,0.8607305832563434,1.392719044789324
0.006952130531190703,0.5107473025775657,0.0005488310043126795
0.417411003148779,0.22210781047073025,0.4419671046353808
0.1198653673336828,0.33761517140362796,0.05021290742755203
0.9429097039125192,0.32320293202075523,0.784273317724357
0.5187906217433661,0.7030189588951778,0.6157226697736898
0.363629602379294,0.9717820827209607,0.33455333693297445
0.9624472949421112,0.25178229582536416,0.8828160845117229
0.49724850589238545,0.30087830981676966,0.10370141934968519
0.2848404943774676,0.036886947354532795,0.13684595407497274
0.6095643339798968,0.5026790232288615,0.2052894417397329
0.05147875124998935,0.27864646423661144,0.012495841153957146
0.9082658859666537,0.23956189066697242,0.049423380876226664
0.1448948720912231,0.489452760277563,0.03712707850829518
0.9856504541106007,0.2420552715115004,0.028637238618465677
0.6721355474058786,0.7616196153287176,0.9975212212456912
0.23763754399239967,0.7282163486118596,0.16953792601425943
0.3677831327192532,0.6323058305935795,0.3038661868843552
0.6335297107608947,0.5357746840747585,0.3696254256447121
0.0902897700544083,0.835302495589238,0.03520571432174727
0.32078006497173583,0.18651851039985423,0.13505619092338458
0.040775141554763916,0.5908929431882418,0.008689190860237225
0.6775643618422824,0.016587828927856152,0.7864877271354785
0.512093058299281,0.22649577519793795,0.5237992934061998
0.6451727904094499,0.17436642900499144,0.9325537279136669
0.690937738102466,0.3867353463005374,0.7615089721268011
0.9367299887367345,0.13752094414599325,1.350670585293478
0.3410663510502585,0.11347352124058907,0.2886494322409106
0.9246936182785628,0.877339353380981,1.7129020053458759
0.2579416277151556,0.659984046034179,0.18080390254260875
0.8172222002012158,0.5552008115994623,0.6704040492845731
0.5296505783560065,0.24185229090045168,0.10959635869451806
0.09310276780589921,0.8972157579533268,0.03661267700037389
0.9004180571633305,0.6331014572732679,1.3429282542575192
0.3390297910487007,0.3492095746126609,0.30552287504258707
0.7259556788702394,0.8971102599525771,1.1174076210671697
0.8870864242651173,0.7798755458576239,1.6203091189265382
0.6420316461542878,0.08413996499504883,0.563552008056646
0.16162871409461377,0.8985541885270792,0.08967484230920095
0.6064290596595899,0.009197051616629648,0.2933654127244627
0.1014715428660321,0.6635017691080558,0.040193753230082785
0.005061583846218687,0.16080805141749865,0.00038126472917462
0.5487337893665861,0.6918951976926933,0.6680731414827026
0.6519612595026005,0.22426930946055978,0.891354411992984
0.7121792213475359,0.23724908749680007,0.15284959513030538
0.3253996981592677,0.7464914051180241,0.28886631074978186
0.6496328990472147,0.8492234104941779,0.9384879386982692
0.6576128923003434,0.5683086033354716,0.55289595034345
0.09367476782809248,0.3677158030594335,0.03653966529523981
0.26520236768172545,0.24398964337908358,0.07421414539039185
0.9730105547524456,0.3930977246667604,1.1369418372849913
0.8920465551771133,0.6311386259972629,1.3120707405928318
0.7948113035416484,0.5026370931051921,0.24820021471307824
0.5769038846263591,0.4925176938188639,0.1616176458766695
0.1952429877980445,0.7224521152615053,0.12214244980975353
0.2807723624408558,0.02431596643145384,0.21933952559124922
0.6454722959071678,0.17711067940704894,0.7048504096037967
0.9404585843529143,0.9539285770025874,1.699838669405369
0.9148643902204485,0.3701587002554444,1.586118220387029
0.015456616528867428,0.9283185625877254,0.0021407066755605116
0.42818414831731433,0.9666548190436696,0.44102895754414245
0.9636199770892528,0.8530094554673601,1.8566302786153241
0.2944488920695857,0.38509772860192526,0.198259142869571
0.8511366715168569,0.31692200515627766,0.4180970420051319
0.1694927466860925,0.5568012624583502,0.06737112751427436
0.936154774160781,0.696029796674973,1.6776477146645081
0.570061170089365,0.09717649377076854,0.17213148951392204
0.6150072266991697,0.9900538501042633,0.8046377481724336
0.14008401523652403,0.5183296523637367,0.041667893171004465
0.8773730719279554,0.7407686177542044,1.5673730685494371
0.697015740995268,0.7024840839871093,1.0181929933974059
0.35949115121975517,0.29359184426449336,0.10931097749805321
0.8093611554785136,0.8101133946791808,1.3824778190283724
0.8670723185801037,0.9132405525564713,1.507844794312124
0.5113423988609378,0.5015162946871996,0.17195474097440577
0.7982951789667752,0.6499639307777652,1.158924247784663
0.7019668772577033,0.795792669436101,1.0808728129568832
0.8900053418175663,0.3379951568515358,1.3323474702690998
0.375582952639944,0.093981939840869,0.2469987416591158
0.578280140996174,0.035942273796742086,0.7574829436946682
0.46559801813246016,0.5426446347075766,0.26313968267805354
0.2865412521282844,0.5908332605690108,0.1758340576953665
0.03050024993904943,0.03734818874921442,0.005867723779850265
0.8226005606596583,0.3601906414112629,1.4155396110603604
0.12706051265188478,0.5222432600548044,0.03720063152765555
0.7699935530986108,0.21582102749684318,0.9713467995682656
0.6228904758190003,0.085347464993768,0.17681071545588894
0.0516817211686077,0.531354631568148,0.010708335536562481
0.5406351216101065,0.6374299014982066,0.5814096089959759
0.7260913337226615,0.9758520794625346,1.0760497330302634
0.5163003483011953,0.32295647294124596,0.327759135710488
0.7951861947687037,0.2708322512620742,1.262813843330449
0.4389714207056361,0.07845638134226596,0.13942568169214434
0.02535074341545751,0.9626484146779251,0.0046028527935112595
0.8359801205122058,0.695974206093698,1.3797619673775978
0.4089529444142699,0.17329432007084578,0.420676542018499
0.15643704267108605,0.25024289816459533,0.055559320611716076
0.5492266647061205,0.7145959227000623,0.6863152590973018
0.6601973767177313,0.27993389694594284,0.6207779630145305
0.9548652806631941,0.7378969166957685,1.8128217157003417
0.5543540525114007,0.6117207462343522,0.5517118818089485
0.4196000624277899,0.24773098950115746,0.17436383779781334
0.3559726786512616,0.7578461104643691,0.33726772462627
0.014393488629755868,0.11607264050691624,0.0015356783743933934
0.04600264202175275,0.040728802318970136,0.009134735016425092
0.8554605840110072,0.7036578593800237,1.4505470096284943
0.4741738290873252,0.09783416065100148,0.16459749415681268
0.49161587511683236,0.4734717707805657,0.11062122007277705
0.17320186991001518,0.43385164923797304,0.04732891346618029
0.39850473439737344,0.6158500980522165,0.3283906919477913
0.6350936508676438,0.04530400977204452,0.3966191400012727
0.3746126146264712,0.6258599157142364,0.30719993126265605
0.5031362585800877,0.8564898411883223,0.6045952843852622
0.658693631618945,0.1629344270814297,0.5211636205792338
0.07056874740042984,0.6424192782063156,0.022024663066109677
0.026511310541621813,0.5857755812734633,0.004475015382086714
0.9402302414249576,0.575474177875879,1.019283602269537
0.3881699262065219,0.6432882184423532,0.3417703283688164
0.45825289049151663,0.5456167893159349,0.26489257142536754
0.9414648087765252,0.38610263780077425,1.2788258421567915
0.9611905638239142,0.9053506419560637,1.8099821708598942
0.19579113478929644,0.06936130087516545,0.10542529316223324
0.10077800137742665,0.018221825651549728,0.04083256985082607
0.0944429607559284,0.6830067734163568,0.036519447847149736
0.07118864846022899,0.3189756302937613,0.017003360297174596
0.8448753109694546,0.023271935735825866,0.2559474605454213
0.8144684825889358,0.28185477477339993,0.7492429995866438
0.11816482762165625,0.6967371653641506,0.052944629907054876
0.628942846779884,0.877472013527053,0.8798126833101142
0.7350710438038858,0.8034809303848486,1.1704235865299066
0.2820345725713065,0.17743954377972282,0.17671415472649107
0.7506147516408583,0.806834739267264,1.2134019907679992
0.9905051420006733,0.4126176769114265,0.5950886364370436
0.37201808579278317,0.7764129607419968,0.3647669857154656
0.34080354025301784,0.9307573256035647,0.30517450941562285
0.8584127518430118,0.42899402737501835,0.241988097781219
0.7508710677914974,0.7545428740846823,1.2047712435359008
0.10312386883593261,0.9025529066795667,0.0431304159911067
0.5052523724478571,0.8264574661077416,0.6129661709717631
0.32004960103061175,0.8955232284962005,0.27816835666865924
0.3892016787341631,0.01083765148029836,0.2736950279723428
0.9053819764192637,0.09128667678613356,1.3381515527648302
0.31931363759041487,0.9500619670508049,0.2716678367835993
0.9506071469375561,0.5734378881232861,1.0175129235168692
0.6318372121697993,0.44844552197831977,0.11645367147300567
0.29321077169806453,0.32866454536991596,0.17308384262311094
0.6725184560770384,0.75237452943768,0.9951547150607787
0.7915790437258485,0.7896181427945539,1.3305286042637277
0.09120610304869037,0.49442030470258147,0.020781996566919717
0.057558760016644284,0.5495288823237355,0.013249100394278256
0.441530501373377,0.8877041827582998,0.4795257264338514
0.3509150125520787,0.11706701642760586,0.12750404280053187
0.14299168205283586,0.7615106317174722,0.0742769797824199
0.6182180633162611,0.10112267612279024,0.3363622441981482
0.08410680611499743,0.70096913145912,0.03071677706800486
0.07276300636419353,0.8218600592903562,0.024900422657933064
0.7062422271564962,0.08134878064189976,0.7481320784809222
0.08483771408519192,0.9866395785011755,0.030870811055337476
0.3742707957561203,0.3706421470668909,0.34654831618911786
0.8127995672575026,0.9472485773838587,1.3258298310622432
0.9860010638228709,0.7533781852589416,1.9335801774981884
0.37625958553091576,0.08350071669866876,0.10527668590156158
0.7771469159274368,0.558404249735805,0.6456099893382491
0.4242220092469763,0.906354385094736,0.44514354435385567
0.11119748230615134,0.49262510429085915,0.026817649712064358
0.011353644767419069,0.46866064199412627,0.001082502228699777
0.05630327568183735,0.11881791626807192,0.016495571360377798
0.11752624677710488,0.6492103021160636,0.04989553137396936
0.7460448792654233,0.5833687650971596,0.7566948268949659
0.9621725484745419,0.37487057952370406,1.6287276073027752
0.28571208628186073,0.8685991281894603,0.23190561973822163
0.22359583851945264,0.9632225394406113,0.1497714750743345
0.012154474689816341,0.969878826707639,0.001469094275023985
0.04315991195057611,0.8911431136980711,0.010739549885754176
0.5277011090862999,0.9929647961193003,0.6197770326774552
0.07379656473539886,0.5538542844013208,0.019404240839117372
0.969302535619099,0.5230978441701488,0.4932187771811467
0.6293986381352625,0.6957486889846172,0.847917429369572
0.45454106476777323,0.6275580800840634,0.4235218592788468
0.5843143119231002,0.901158010490989,0.7685991851913246
0.04544638034145787,0.2809631895922303,0.009897458280331646
0.9504114840765587,0.8902637838909163,1.7870267219839642
0.45565675278571294,0.6201325978015367,0.41454772049974925
0.2773811829811327,0.1881211597237613,0.14742866671846086
0.46369840493998216,0.3533522280260528,0.5281914900782404
0.5836561118508721,0.07773463696498484,0.7352334342570909
0.9743948076661665,0.9862107444796029,1.7748966314109431
0.6981617140197451,0.5360963663441204,0.4217764106284283
0.30952761628632774,0.8137950197069487,0.2678365241778386
0.6847311725538793,0.1626169393448913,0.6209936435885935
0.9109271844938425,0.822537242923169,1.6956336801946983
0.949799913291924,0.72571950838836,1.779699792518408
0.6134151959357899,0.4182430362906189,0.27848287879424255
0.9327284833540133,0.8660638895004084,1.7463539296850652
0.04521867010618941,0.026366974497252005,0.008725597174678993
0.3764633668780496,0.8105533307818329,0.37254166968936886
0.9872761293149445,0.15041689110352818,1.1900007066709506
0.5941307153521351,0.3808908566310215,0.6600757776066964
0.9699143978146032,0.8421189231357087,1.8838279509828135
0.8383287047111379,0.4686931597949703,0.0737772796587618
0.4148195023376652,0.27340707193070624,0.39195671029741025
0.056375496650927115,0.8647223762550532,0.016477521251430358
0.8129010091300776,0.9997176732861306,1.2891722663301763
0.9966368370739054,0.5554317056026274,0.8959423280311699
0.7689874151805105,0.944765729882428,1.2066955871035692
0.8496473906774115,0.24734810174319766,0.35382122909538105
0.4505441353100935,0.12915941515149498,0.251403129917409
0.9540510272587224,0.60617463445088,1.303120555416185
0.22864280550346272,0.6717006844058567,0.15108517436444885
0.6181282404578958,0.3581627180328405,0.8674068499999064
0.11355759219962902,0.6715731955927996,0.04856041277754575
0.5203077009037933,0.7723183917356393,0.6445189019990931
0.5201635011119934,0.8521815003185401,0.6406595543592006
0.5519068387744855,0.5609379715353863,0.39889011521564915
0.876653602658345,0.40348286621239704,0.7130954114895226
0.13401522845064073,0.028782676313338973,0.060806359858902495
0.755137255673619,0.6203095513534647,0.9507157990164019
0.7040797680992236,0.21296416150891073,0.5621758617733263
0.13637147558676976,0.014544665667881929,0.06622336443027063
0.350587558806597,0.5899176868546331,0.2401381371979895
0.3922440450997323,0.43747492202372906,0.11158687272716758
0.9041586944937484,0.34825546702330035,1.6154590891539178
0.5139894891598108,0.7836530127411431,0.6322422994999869
0.39654278232127016,0.6220867002278735,0.3329110464735401
0.8623637087467452,0.9495206236576421,1.4666462064673802
0.14707348092903794,0.9265876251614944,0.07627460092452491
0.4921162930795382,0.25824438829895835,0.5036803448723095
0.4591357562382613,0.980032575285477,0.49303208132277154
0.4926180939928696,0.3287516102875082,0.38732718496002283
0.6334008543167258,0.24014561877819307,0.10365845916227506
0.07586332810866392,0.12887972191064923,0.01806311808824549
0.12804583895777244,0.15190269351229435,0.03597163608874859
0.13882717264941014,0.6408747448032146,0.06424296463491028
0.18188008439914483,0.3456672833238632,0.10635332885311169
0.8967884099060118,0.47396164026287235,0.07221831661841305
0.6675577385210272,0.17231987120162984,0.8891276896484075
0.19228901880867078,0.04086861626647886,0.12022147571987503
0.16893506307216455,0.2785903390319586,0.0783622049693658
0.17701048427674682,0.08870253375705561,0.10550060252982979
0.12063587110060081,0.46077876803272577,0.027347095372208044
0.2063337184057925,0.36426986104807546,0.134167205882326
0.5034172708548569,0.6903948286293653,0.5762021640196837
0.039312139841098936,0.7994103989090426,0.009339948278401424
0.6279003894909078,0.08175903194887191,0.1304419707596728
0.8735786241067772,0.9208724005318132,1.5218754570730595
0.06107795985486375,0.2768776481472037,0.01681094069789118
0.8062012797930613,0.7482596903836584,1.358837654058266
0.18452101935637732,0.2093493233367103,0.05423515291939725
0.370472102791382,0.4845229851910213,0.1020726769831089
0.618254771530296,0.3689136395697724,0.8204145067832413
0.4625347161331479,0.7474709381337565,0.5233964198664132
0.0366832028905979,0.25243694434402075,0.00704659089280952
0.7133495858845524,0.8952068376871993,1.0850524439185947
0.5116774421156661,0.5321134852653157,0.26643156596407225
0.10717201133977605,0.44741236682345464,0.024056634151181765
0.5326172664550232,0.24247050363472966,0.11527559202326171
0.26924323094938096,0.37728416310462265,0.18869845497765714
0.02007119777772637,0.3220791655831783,0.002757528934074198
0.21144800699654465,0.32749735217791465,0.1017463768448333
0.11976213181925122,0.890527280739895,0.055105740556284206
0.5935924535540487,0.6791023191444896,0.7486273192662195
0.7891712386073383,0.4984421989290573,0.21968749489656308
0.08692028808742369,0.5371065418185478,0.023214986691921936
0.5868411180208791,0.74543947418433,0.7849604960350813
0.4316595462296794,0.12758030279556376,0.10016307387641232
0.28377590579872447,0.3630822963986351,0.22881509529245037
0.6459172413316012,0.5707783046689119,0.549176245544086
0.35609672589784624,0.9865152487929797,0.3210443817177916
0.6057748193568872,0.23722679173599448,0.1478092310055904
0.10178247262040374,0.15285913918433203,0.022874130194481375
0.24595772838450813,0.16068137325955567,0.17393005017510824
0.18656702405130576,0.2850951686938471,0.07153187153128883
0.17337359529475482,0.8967654246264252,0.10065222243800552
0.08023374566164221,0.5245113895702547,0.019678367562727138
0.4103968269896615,0.9823786169086064,0.40783491490689494
0.11203890216805235,0.39785559904574164,0.03793325129019854
0.9694704332753689,0.8655071258939803,1.868407074344377
0.8170720709492799,0.25790282704493983,1.1549739247318787
0.17088758739006582,0.668643219924431,0.09360583797095895
0.9293759891275858,0.5567628930139298,0.8231690821171346
0.5716126894698998,0.2799790936602842,0.4940803160818432
0.7694929331919369,0.18704374855752337,0.49491098138551415
0.3236792364042437,0.4254364386164168,0.11210946345882836
0.507610378684455,0.24240973241508024,0.11272084564370696
0.11483682473920354,0.6106200424416326,0.044765238272036406
0.28863055324025577,0.5812382214226123,0.1701099459926378
0.1543627152742023,0.4811401018548175,0.03863314674112461
0.5325894325515859,0.05182353682242691,0.6716997813151384
0.3366042781939206,0.13441467693897424,0.08968453178543233
0.06337497047276774,0.9899602323899452,0.019377466289368102
0.32235384497472297,0.8098744458546349,0.286821596257568
0.25464065476376385,0.6815027222239293,0.18265227748274232
0.7602278598896866,0.5956387406078443,0.8462917977134401
0.47157618855015837,0.41184091414726853,0.23982341638662047
0.3488682665429953,0.9295291442478258,0.3175145589135489
0.8306194077877291,0.9650269106665126,1.3634708767831425
0.12429722348554473,0.7308674752036443,0.05857591214022609
0.9383404568210378,0.18123306616566015,0.18251167581385053
0.0664962673667775,0.741120649290059,0.021431777810145144
0.5744731131799119,0.8418287767582721,0.7612353350140961
0.1397723766262895,0.7952673118598902,0.07179077171093566
0.20162732004774453,0.1636559428657045,0.07612530815301334
0.16426579793099294,0.8145747202313821,0.0935049723689514
0.6651972206962001,0.5230654247691193,0.3252035912211242
0.3588304841235025,0.8772005408131083,0.33900082460240966
0.3924451074226354,0.8165994394715771,0.3994721916542152
0.4391349085702184,0.3769444294249076,0.42311839805122586
0.46267978566960644,0.3013778741641421,0.10066633470525269
0.7476093801762511,0.5027203900924792,0.23958618353042643
0.2322126951468173,0.8995745732745685,0.16282382014449331
0.3838912213732114,0.5435528611139886,0.2023837116992875
0.9064721109645469,0.6242379959139921,1.31013966126585
0.11689804070836407,0.9398321236134751,0.052339223636434604
0.6277080530714179,0.3349056146570861,0.6893560415851258
0.13927207266338726,0.794025189270296,0.07136962467276362
0.6200727559285135,0.5334610919763215,0.3483952927533358
0.8938925830509576,0.7885972112245307,1.6436293695432278
0.15167487973275118,0.31172206779554823,0.04154046867736632
0.24848913981446574,0.743946292572677,0.18390340243623066
0.03353243473577938,0.5698896848713165,0.006210679077508543
0.7624586857406905,0.8767656367617495,1.226063076505448
0.34208174871590746,0.8212573046720129,0.3166416438337051
0.11063173695520723,0.8464522917345182,0.04884986707388798
0.12748866233198242,0.39728729056036727,0.04637274670742942
0.7972953657795536,0.14991742734877378,1.0228616200982708
0.22925139523264149,0.7222525683930663,0.1592039814265678
0.7200365365460744,0.6411476328852973,0.9485063296195921
0.6939484444671,0.5427244433475962,0.45734840049515885
0.25179905890695276,0.34569599350391944,0.18156753663758057
0.18159771680142567,0.9084505613336283,0.10826087935695705
0.5833917947661205,0.4008514167636399,0.42528607805101165
0.4620058036441327,0.9472833396118153,0.505631865206986
0.1533514031160802,0.5862298320167972,0.0654547232252439
0.505888678884466,0.6114542354346478,0.4750164506150322
0.01811018382084051,0.8721239089441515,0.002754447758840064
0.9321182824836124,0.5651331835892089,0.9090327351367723
0.6966508238768923,0.9224993811772957,1.0292810563879042
0.7072386343133986,0.15253904291426135,0.17250139655637836
0.5762883601668132,0.6067150463828559,0.5744054672901613
0.424130671302386,0.7364442356247228,0.44943989370439374
0.9343670147690148,0.9255685129067763,1.7061154517648598
0.4508393714041321,0.11323804584075525,0.40965684448025286
0.9848411989623346,0.8388980864459341,1.9363928941584887
0.12466268120326685,0.9208418826173723,0.058380448973576866
0.8698963620621283,0.5188380571260721,0.4009405751626814
0.5912754357449292,0.39900270387013026,0.4539926621779555
0.05476163882203133,0.3351972416459009,0.014316878063095763
0.8028534485980114,0.004632023004602859,0.22644217540246253
0.3334991716911442,0.3981686935909433,0.19531154213577315
0.5373956029379229,0.9198556164127605,0.6611733090754071
0.34634599436596125,0.3469532018962277,0.31167025446269325
0.7375012481097484,0.45221794088980716,0.09799408713122482
0.22460482293998196,0.4524395161326934,0.056749560093692426
0.14085702037979986,0.1763869865062233,0.06603138067159517
0.49836777273947974,0.4189254495045479,0.21464624136428714
0.9148459010681,0.3623938991166331,1.688074542751012
0.5805883502780435,0.6322642879195304,0.6437130955190753
0.013094456588333636,0.6635373720167106,0.0016295028291546832
0.17803596686975143,0.9610703174694551,0.10311584085062704
0.14866272775311296,0.41462412372702373,0.047383608291282846
0.08534966807864386,0.9968742518459474,0.031088970671550323
0.5021950103312426,0.5953850173200438,0.4353578752298007
0.06707647738842748,0.7499604703991778,0.021775269044937925
0.20990559309558576,0.8980542894407137,0.13783968656703338
0.20513964048200717,0.19068772066366657,0.12229650594298494
0.03654966784809488,0.47206694510999925,0.005685350148869084
0.5648411332626164,0.06570863942835237,0.18084939646888307
0.7755276166950106,0.4532888347480276,0.08868040399580013
0.52439026932758,0.44076274693822814,0.1303648087576871
0.400763060875326,0.5596403313082179,0.24547347346381665
0.1552402459307125,0.18192813049527112,0.03868220829762417
0.8617856210135173,0.9461154621336327,1.4675732652013966
0.37330931627975295,0.27074467314355377,0.35071406907321884
0.6439995432390158,0.4087341710980964,0.39525825024824485
0.02538635566034486,0.15615259736619036,0.003935539415101804
0.7159722288473975,0.6589239419101514,0.9869906693891215
0.02709599250348349,0.22197216193294944,0.00518872516314592
0.2310747965880714,0.6718927435987284,0.15376782656556842
0.019710537754364155,0.10410858198457384,0.002411580072323282
0.7999160853731894,0.1785446620543336,0.6856713306770174
0.6527461078518747,0.23818278104672652,0.1268743600936541
0.09944139275934516,0.24317219099945409,0.022130383949149877
0.7222669318556592,0.8556964681062857,1.1245656461595739
0.8302198645669916,0.3971835296184548,0.794885330189967
0.6680851365706462,0.20498429541582097,0.11221451832661467
0.29314773026101326,0.8963358185211198,0.24012562876587518
0.013001923510736035,0.08550853085446808,0.0013144856560919143
0.20788625514602732,0.026532203873819715,0.1169941211724389
0.18143543508979731,0.5830415609696922,0.08381878604485218
0.42142455059249795,0.8926717110769748,0.44238904264433065
0.8174435617384409,0.34181735169787597,1.2480792703563712
0.2594234334312925,0.3796924081672669,0.17303688819429364
0.5902949425148077,0.26806364082287626,0.7935120086288439
0.624148907849134,0.4094116521912404,0.37157659853001723
0.5520471808519802,0.4361265291353167,0.149574462302194
0.29446575954191767,0.9484533069621567,0.23752058137957127
0.7636057941597608,0.14011317576645255,1.0305243913109656
0.8684679758979128,0.48743119824951364,0.14868344891168905
0.8945522268940914,0.7998552559473152,1.6462741685965372
0.42521350446923345,0.022469308320117398,0.4576932149503426
0.2686773593849461,0.5416342146608669,0.12021365508008806
0.6334782198261473,0.2578876854332023,0.7539388434034706
0.13935607407282413,0.8349302367992991,0.07126222238315799
0.9844021807035521,0.5256901823026858,0.5317852580422715
0.1716792858483035,0.27230732651936895,0.09457569982301677
0.018390676547466733,0.914298806560499,0.0028087708762057507
0.11775108289014113,0.5765164755142536,0.04224354216002084
0.274055220687206,0.5541780025157934,0.1348851788127707
0.6514203883518642,0.8297418037072016,0.9471478855462282
0.2064212717606032,0.010995828658480478,0.13134650660541466
0.13688563006880727,0.9000186418481051,0.0683331819308115
0.8738900775625152,0.5974131021703083,1.0713979488670144
0.6005168604336534,0.6650366745462555,0.7434291758799298
0.1753712786234496,0.9144119459249598,0.10206052249427928
0.4187705248920731,0.38313852824949746,0.35950469218278214
0.5189177052828375,0.046965966775055046,0.594472434728099
0.1662833687560794,0.7380336164263704,0.09449104567999453
0.08279866792512647,0.6031521094663882,0.0264491141669451
0.24534910968132095,0.38929561404197655,0.14019219707740269
0.28869373677069987,0.35567271646494913,0.2383516624887297
0.7190459051842455,0.297121715623175,0.12090782553822388
0.5664046402968972,0.47605040219909966,0.11977022529406262
0.6636711653626481,0.936829739324758,0.940773382527902
0.7325720972102503,0.21494037859075676,0.8089279887484436
0.031183135061284672,0.2622640442998251,0.006401637200957843
0.5950779307002548,0.05142581348425035,0.7801984416627137
0.49636624720123634,0.5968428489168892,0.4305568461518331
0.3342438908169608,0.7709122037458219,0.30426020453611174
0.1065982531337718,0.07513778173580876,0.04538303006104437
0.7281887562036033,0.49549131620619846,0.1958405842694923
0.688402396427736,0.4348273386037462,0.17386906183573314
0.2464020332391068,0.8191023176741997,0.18282945927792701
0.7994158789689793,0.6946964708544268,1.2751925823857628
0.2721451372299627,0.5902306668690871,0.16180482160400858
0.3609738969400268,0.09158207332663415,0.1971085023897202
0.9173135754622428,0.1368186309189614,0.8671119392799318
0.9502373538208024,0.44600577295795574,0.06769402865996133
0.18513292883861965,0.5419009473783581,0.07072207535573115
0.8729458358764083,0.7322248864095612,1.5448688219877917
0.8065611478614497,0.6587833667107174,1.2076620181928386
0.6922765645178525,0.8491956515653193,1.0471450845890868
0.24966800885918594,0.4894249636431405,0.07121189161464705
0.22120944181960223,0.987668007996647,0.14586873668452646
0.9440593396866133,0.0394268113685059,1.5061842772467673
0.7055751725156885,0.9252483174156658,1.0506877106669155
0.18057534512733353,0.5679452305526295,0.07808390652365593
0.9154882975880418,0.03394597858579884,1.433488946970388
0.6974202672468399,0.29734900737255077,0.11989564209392911
0.9243961953765304,0.9710582451653678,1.634408119519774
0.9442664891134339,0.47421421665746377,0.05719118558380243
0.8620426509893134,0.8445493985350704,1.5329311643968064
0.31910047324325563,0.8289154741506773,0.28140438283838837
0.03700763471549262,0.596269878482053,0.00756173489129657
0.23000883728770305,0.12056688577727881,0.09356363488689086
0.07695320162920916,0.6962887758781398,0.026567033759811988
0.33987496376806614,0.7247667715287615,0.3073151170909747
0.06535634079894237,0.31529033783061033,0.014175319524813365
0.5394912923753372,0.7907231648389635,0.6871887195102633
0.3187525029320699,0.6258913764370091,0.23639521004490657
0.8859777482361871,0.6158631881823046,1.2137547918058835
0.23295947475363377,0.02440078155653802,0.16309343985207742
0.8700988739009299,0.021269410850387138,0.10918472581230532
0.8747016726841994,0.528937134027212,0.49723318175511305
0.9390676985128962,0.7987832357736654,1.791850940069526
0.9979341105333375,0.35071181545171015,1.9550356453763378
0.7671882889311269,0.40193091360924216,0.6172618187170476
0.47987562030390885,0.6275054632183701,0.4628295592863895
0.8736771141863388,0.9840834691992951,1.4720416631069873
0.7682734138645182,0.41776678216733376,0.36313801164516785
0.4213570022770702,0.7375823015888915,0.444745978939608
0.23877714576830233,0.11047411313139466,0.13108078299723258
0.35462215764077654,0.28723899165408173,0.156923035759036
0.2963081204559901,0.23360775104990994,0.11726167834189588
0.04209318963636188,0.01787393473341381,0.01020226518180289
0.9877223897360315,0.42777313373586234,0.2694024942783182
0.3843266471596817,0.6796472826930698,0.3606593156280815
0.21825388786506417,0.9499611839502253,0.1445896646529931
0.786345014415552,0.08941100231225951,0.3610220138111985
0.41758077578492836,0.8791183075621647,0.43757495601899443
0.9447320222914103,0.4674015112498697,0.033853926752294705
0.6134113892107077,0.16703394609207523,0.11948665675487141
0.9911686261369765,0.2316717013834434,0.7745096331263854
0.9427317741351257,0.6496466489923685,1.5353974474181655
0.6077367948788591,0.5126885110165086,0.24649001659124584
0.2306698117177587,0.17652803200550826,0.14400668621569496
0.22048620907017535,0.18643826214425452,0.08043785802775955
0.7795844735667533,0.3501252591667301,1.2683126008931884
0.05784267656339637,0.9691026301408113,0.01683794821381194
0.8837858849634257,0.927752283195213,1.5475044625529621
0.9949078226464353,0.1738952492194873,1.978842816454987
0.39624201890265875,0.7582384757040913,0.40420801109387605
0.6960206180537922,0.15389590633985506,0.10484012774759993
0.8158331249906178,0.22444057183666066,1.297720845488983
0.22381761482262308,0.5369744228934136,0.08981914864262003
0.5929399348417032,0.5800862078378112,0.5159990738215219
0.09148683739775487,0.8774608626303804,0.03573398418372352
0.26560004258870606,0.12951492128280417,0.14213807677938453
0.8887480798689772,0.9556514982297534,1.5399818610154652
0.8621276172654506,0.8095160747248781,1.5430103801836954
0.6552419806390217,0.5508573706091393,0.46457937494228635
0.08698675991141014,0.4084532130706987,0.023497512446295638
0.372688517012314,0.2597537837603262,0.3351902628976885
0.7234201136885849,0.4958757350787708,0.19728136157720944
0.08104621590764793,0.22018320194981134,0.029501760027064505
0.6832587636595959,0.07613085949030018,0.6812124251584302
0.8512069140487687,0.4951465270139743,0.20140734618986966
0.480586577326648,0.5924077846595176,0.3996858105515333
0.8246809659251492,0.34780920790219305,1.371976651798333
0.6780161525590636,0.5657319639957911,0.5661539755991776
0.2670282701694213,0.878629986355158,0.2066025251736046
0.7974260216069281,0.6584518346584255,1.1835158299538793
0.8505817290942419,0.8672942009598024,1.4869837559115413
0.7083629767150348,0.837013328363672,1.0928143287414707
0.6974714616692836,0.6801407717603004,0.9864622182229393
0.6186113782151843,0.7527166395576412,0.8620379156002194
0.1586051052930737,0.8808707591989284,0.0873266639945724
0.871843527745232,0.029247283034559146,1.086365561602209
0.8258167505647627,0.1288698674734452,0.4094065212787144
0.3351188542591419,0.7435082562916078,0.303133131185737
0.1607598960483082,0.8179670241190622,0.09022525940514348
0.8321341779577419,0.5074677337608362,0.2913844568693425
0.00638587171683358,0.2870381331749128,0.0004933389486109305
0.6169269183757422,0.9811861780274235,0.8125459028315479
0.6318135270166684,0.2598035810641598,0.8130798626436759
0.6340057030996114,0.5399853797158555,0.39067193295098807
0.7798453951511436,0.10698063882695841,0.35076963111921045
0.761027902502028,0.5412665786761103,0.5084497019409728
0.9629920038589946,0.3418721660386861,1.6530562271916196
0.6326218931339481,0.9320281055100175,0.8686616256437223
0.10250972799067926,0.9372284872364511,0.04236195635828151
0.6878857223008134,0.0678370591051719,0.3299939194655587
0.30096356694681625,0.7081720886452816,0.2476975212502282
0.0673506014687717,0.5821704601762733,0.018340251961961165
0.34588305695295674,0.6209155177674771,0.2657275054079462
0.04574203381251285,0.8715368061523763,0.011808083564758263
0.9734889691773969,0.9688778552856915,1.7896453084091113
0.7496518317429247,0.13008624013063197,0.9650332229113874
0.7582631959290226,0.02458691645880151,1.2273287533446378
0.022123551528997254,0.32361021914954125,0.003230035032910373
0.48864319040466575,0.7704074178077932,0.578797411038595
0.6832953766065052,0.44590270637674834,0.12120156046475677
0.2736266662816659,0.9971245001577111,0.20636713392951406
0.42618130223597295,0.4513870243296755,0.10005435796477147
0.16362382119166918,0.7948095487499294,0.0929573276220481
0.6936822257814886,0.2207696127887604,1.0566840087449696
0.0823810456158427,0.6804993020747131,0.02928943198103682
0.6545112142811352,0.2732595269982093,0.8443991283058054
0.9508635622504104,0.15105789178090023,0.7847855561689339
0.4323348010426019,0.9436159201675989,0.4527601018388133
0.4197273169261223,0.6385259476640855,0.3839161303310342
0.3975943979627943,0.27421520234867003,0.3564251371772652
0.9839776479598282,0.409334006315043,0.6761208870448421
0.8940992036791344,0.22995460589108618,0.8945645534308513
0.2131047040250833,0.03113408288451136,0.14065101152755935
0.651666825375885,0.36852634372376114,0.900594989328924
0.864358249839637,0.47320990669155716,0.07909890564740252
0.9681934279147217,0.18552551570312115,0.2942311453853348
0.8686231679556108,0.7765968527917417,1.5611895365417716
0.770921844644052,0.8447832281168877,1.262682768567067
0.7610239909429989,0.6262203216314154,0.9868633069420221
0.13124487768238757,0.032526179491251916,0.054210983304040804
0.9208478478156868,0.616650314520738,1.2989371095827478
0.7965372909761763,0.4815223515125501,0.12639340866183557
0.11730818896239448,0.12518579220255044,0.051594135274468655
0.6855652872289714,0.4303058948994627,0.20463284283733885
0.20052472670033672,0.4915945467414369,0.056038487636082525
0.06420893707513409,0.5819714019143988,0.017044976294562437
0.26899340443509767,0.7975591006371882,0.21186967565528997
0.31036195892357377,0.4552201490818012,0.07719584992317124
0.011620539908100636,0.07244688779455888,0.0013735339424393042
0.3924935564066848,0.4799388347171235,0.10232440097539663
0.6000205481193037,0.29166257870930323,0.20378764246355435
0.6949818861265425,0.8601223971892046,1.0508287189733707
0.7798509888933498,0.039618825348357145,1.061146734566013
0.48050694725782894,0.10493017841817487,0.3974398816527493
0.24204501586252747,0.9866625932671464,0.16922291767761458
0.14249554290151323,0.49888815345135606,0.038188750978272866
0.6181557343181191,0.702464970544104,0.8291307895870782
0.5596486834869141,0.00977084741918366,0.5644201219917742
0.3264613082439919,0.5177116433847114,0.127287583268451
0.08786649914483335,0.35062693120918076,0.03346523576226486
0.033203108791366565,0.07857849715502074,0.004962220676488487
0.39692327620159606,0.13271575404306035,0.2853813818005129
0.5675408482615582,0.6894649691372657,0.7050035802805128
0.8005866991090829,0.2001502442448101,0.607729217430959
0.16748258225906976,0.10456784033440025,0.05897520891301908
0.6364302495436367,0.7064757264869012,0.875422384259652
0.03158614482564204,0.9362122462436898,0.0065205531799336905
0.05197128365147241,0.5412963353010705,0.011124027155152951
0.7090605194509164,0.8709691237460856,1.0838870480990832
0.7140869321324278,0.8017280830697918,1.1132922172196134
0.33945019254280606,0.8148251137465122,0.3127574931426821
0.08011484638467514,0.8948166560605276,0.02876490643173671
0.5475923761537362,0.8172977699624937,0.7042581606142743
0.45231828451830014,0.643577695196525,0.4402219595628813
0.5264026609361132,0.7315895217553319,0.6468448107735097
0.08162998203058958,0.0603520839905638,0.01704748583863852
0.24710323401014644,0.15954468011318834,0.18388605171354322
0.8717835665922017,0.21921398735804432,1.5171363273704879
0.9758652558191313,0.33689579177110685,1.5127699325815807
0.18211791568869928,0.7896985071424791,0.11086848925424903
0.6587077755008761,0.498195716453139,0.1981465058362804
0.5553635509376312,0.7192017782722638,0.7022568653114107
0.22845474133129873,0.9963339160567419,0.15331877359227594
0.9747931621467831,0.6503256863469369,1.6287377702223709
0.19954245092914513,0.6802282424312913,0.12221321083146494
0.07219840897917584,0.030652502205806065,0.02271727005419718
0.2576828885112137,0.4626229567393163,0.06445866477579339
0.8682725054083805,0.727169069766308,1.5246048435896729
0.742706521199981,0.42549333444807536,0.26017605873538807
0.3459349925469629,0.3710387629846027,0.30289065047022135
0.9876495637360578,0.04010919141248248,0.5716557000830829
0.8670314961224486,0.5786754085723934,0.9236216940522609
0.43861541918959046,0.7252576604151365,0.47246757198930767
0.48666894142470285,0.8734232380816606,0.5683973881337987
0.9007018640112585,0.4217209268734554,0.3571430985512261
0.2768277972350516,0.5923503285933622,0.16768286859072792
0.912363345616691,0.21066218900566658,0.4418886424917686
0.6229665835634828,0.6315602200925206,0.7217448157973945
0.733113022415281,0.1315676851272598,1.1326547154502289
0.7158249646820886,0.909032520665641,1.085076802810699
0.17968310887024197,0.23754332492387764,0.04700074521776422
0.9713950940416396,0.18097695270948977,0.2276945965447018
0.8543850933695791,0.4922778564480348,0.18151330660438347
0.24723107440317704,0.8707499012725114,0.18212337395238057
0.4453052550026655,0.5148173539296902,0.18009712899197033
0.3592333693997657,0.5929508514349274,0.25312329831393865
0.16352387258502277,0.3910815366517607,0.07287415362102276
0.9694123223352875,0.25813343270112754,1.5601364115691962
0.6567366645412922,0.3251900642246949,0.518581798366191
0.7734731256866006,0.13087366071834983,1.2576636625111952
0.9698210450785447,0.45378954138363925,0.024222974309164758
0.23605046334646396,0.07349674733001266,0.12736227687666615
0.16975790508754074,0.5197739485560177,0.05463920379632856
0.3370031764312863,0.8288833658826095,0.3084541522742775
0.43088752366180594,0.2487142725876299,0.20076959798109723
0.61714498660403,0.7067772168854458,0.8308462515318145
0.16704190790094986,0.16761921628831766,0.04428596412446241
0.03667142693354297,0.7364020150656405,0.00831740244303101
0.6638045276218051,0.4746308757498139,0.11655408769876197
0.8441704489691971,0.8056701529500532,1.4879117873907144
0.5853543643967521,0.8682712805132586,0.7803069824610775
0.20584121003676825,0.11191961939772788,0.052630386359682424
0.2697496115169896,0.05708685608931485,0.07791029749218004
0.531169528001032,0.9366056922949615,0.643480794531039
0.03934354066850965,0.1221099140100268,0.006430094386706898
0.4521990282834353,0.9338750175279049,0.49044745999257394
0.3161561049767505,0.5072348086883924,0.10999257377897201
0.0415728590503921,0.14834320096208886,0.01019425998750908
0.9866301229588469,0.9651186964360455,1.8355860035284088
0.004939980934409616,0.951811785423239,0.0003689971641559261
0.6391199378155004,0.8679182945200221,0.907391011122076
0.4547398556338591,0.5155960285792502,0.18648652888859923
0.4888465802569202,0.6668642575461043,0.5279264961016054
0.1396512547563129,0.029973589872677953,0.0680080273841661
0.3079299415911909,0.7046807627366467,0.2565425868957356
0.20185345212294836,0.6734324333249173,0.12351025242386182
0.9699120461072704,0.09390071578941839,1.247106549884745
0.6726021182251263,0.44375021930457115,0.1291807827083269
0.8681422543775054,0.1771497894473859,1.1363150593337539
0.6926259522261645,0.8381152896481102,1.0509760954229652
0.9446142194740232,0.6832480282896458,1.6686707467402961
0.4971747640084273,0.6178472402012138,0.4738047954682221
0.8689049844787182,0.5706097466388297,0.8629806400447025
0.03038705969683686,0.9309486955069778,0.00614130416082806
0.6895267510315611,0.6765133857772465,0.9611242326527394
0.21567515239771717,0.6588854702326572,0.1347410509293161
0.3938644056541585,0.6512329770414921,0.3566883985568278
0.10659303030799072,0.657845304603036,0.043192029989600034
0.9994137257706666,0.04821203886055603,1.177714831348509
0.9771741842213173,0.4069079607228706,0.7356514576867801
0.8707534503372591,0.7823854840582735,1.5692508431731058
0.5670162609866678,0.7384492092513265,0.7374154914151
0.8785155613013479,0.404140321651033,0.7000164735485417
0.3270331615632387,0.6675933855635847,0.27065306626731866
0.8078459419412586,0.7622851347766157,1.3713670834226548
0.7978136488586345,0.435583314812933,0.1727126305693828
0.8178342161750216,0.12020905537060844,0.7984345751659478
0.5444890979608495,0.0057586604981215705,0.68794585697809
0.3245858299002703,0.3664615348713979,0.28164761522307724
0.3961726916092554,0.6954672066898622,0.3873459246562919
0.38855810127034573,0.44869362262253065,0.09609801368071011
0.23754413087432746,0.3732517916293401,0.1597896936238628
0.22726962726315147,0.07319592376844364,0.05864256635155907
0.6034485933813779,0.6682127985550163,0.754469845178216
0.6194903460096145,0.46349404380057235,0.10445205521418571
0.3797857801792298,0.8633336495718252,0.3745169984318084
0.519081785136218,0.47918187762973097,0.12155357036697201
0.025642065806435688,0.34124782762615635,0.004594574863820928
0.38019561878585706,0.3988227808969005,0.23497298169407416
0.5801723692273323,0.5336025467268785,0.3200395669963919
0.6079050927934446,0.7648832615421283,0.8399844941647543
0.8129857387160935,0.7181230762264944,1.3496547073348735
0.9555236959549347,0.01823258267636163,0.025905647740327442
0.1957779856835461,0.00756287497814212,0.07003982299289221
0.647474714154603,0.8980305489499869,0.9174891608716726
0.24348229657629927,0.9270345447963066,0.1745802928349846
0.06026739028956085,0.9344360268055143,0.018103513723179608
0.3516226872396344,0.10142082844921652,0.2296160993327035
0.48587175918632564,0.25677656772050794,0.46031621625293334
0.28487290196192283,0.3072899649262866,0.07747176641663174
0.8030258978326634,0.5391612766752545,0.5299999060312154
0.31130769915600365,0.6103337833109184,0.21646449973658038
0.7161506742231936,0.27262400073353377,1.0040237851669795
0.4135491015253515,0.12188609333694755,0.09951782389347266
0.18114934953468032,0.6811178539649828,0.10446317398805761
0.18143834769562694,0.5251633836670602,0.061958515823549075
0.7090462617224327,0.10687692309474384,0.3923087736921886
0.5673122196289035,0.25656278370136376,0.5861112413950675
0.9629268752375798,0.4835456467199247,0.10424027535079627
0.8059925497751581,0.5502265421562618,0.6191565078163357
0.043412532854819164,0.6331513755940223,0.010181478604414242
0.951403342206657,0.6016118201463312,1.2626328482989173
0.8191888594267902,0.8842064633484078,1.384155977348593
0.22807977194893247,0.21204483990822665,0.0960881987106451
0.6109809888509917,0.4110284698067047,0.34464804220972783
0.8398613028667203,0.9000231233980112,1.435537779748032
0.3534213793027181,0.23687055897448206,0.10323821364493135
0.7805255152438618,0.2748060355481361,1.0704842412163829
0.8226143185136784,0.42373825364876283,0.3030392423934122
0.6675498992914705,0.09553531383466818,0.7151100273529194
0.623859324676573,0.4517676787372291,0.11036122266013376
0.5866084631754741,0.16801420774486342,0.18686662053474146
0.7368737449441821,0.8627970775432285,1.1615385161644027
0.21673980009077565,0.09571455552016173,0.13462361245888887
0.023638586046336396,0.641971500443266,0.004000810570120655
0.6070940360887808,0.54669741271407,0.3982668905885772
0.23194709611597542,0.39090599590551467,0.12559035748260647
0.594476335186173,0.4967668588591694,0.17920302250679837
0.9877855202148873,0.13643975255673313,0.6834163334618987
0.6951445540475938,0.4043187681042921,0.49973521222166
0.42819961492561476,0.7175977656581762,0.4510710735167851
0.6924361513243696,0.9912559937021883,0.9841803563335899
0.12839428945412523,0.10410964938416634,0.03092737491981465
0.7243388171287412,0.5783869170064091,0.6960882920927824
0.27416066655980587,0.0794193689889866,0.2182824375879926
0.08565824959643054,0.8941908746641183,0.03203451482436062
0.1918673247187429,0.32337156211552076,0.07896904387895858
0.22665640222698802,0.3549963058319373,0.15911178862204917
0.06942384274609337,0.5190597909082704,0.015691056076172515
0.0676125635922149,0.8003565078223616,0.02215214425308943
0.23371208191043302,0.5400119146045106,0.09749122612119335
0.8800790875614583,0.6508773690471942,1.3709502825694724
0.5329577865513353,0.3243337531153756,0.3659241127752823
0.33300191305819793,0.6694869551981901,0.27974609166071596
0.9941393612211675,0.6618391898493786,1.7393363352717983
0.5577834173700249,0.7306505102392461,0.713586060549958
0.46520561228371815,0.060142342600785215,0.31823136804905633
0.5622968158779098,0.9576252845053802,0.7020449923435963
0.17530294235765964,0.6900048908206657,0.09991959008603774
0.20093368865905648,0.5358276844730813,0.07655305932334519
0.09667644964671962,0.45037093625818514,0.020933822019584398
0.7561633288952461,0.3475715242389821,1.1787513522158168
0.664911724487218,0.7954499607897292,0.9842702140816046
0.9271778194794527,0.23464208185545354,0.3478791399500646
0.39931591580930814,0.15241601333041743,0.12397116111444967
0.9924835021583752,0.9270009679242953,1.8932668451509502
0.5399571302805596,0.8420332943764213,0.684581297938549
0.5209579772720422,0.6235856880027597,0.5224611524093397
0.08912443211601662,0.7552704204968079,0.03441855745077104
0.12771348363523483,0.8260676302525284,0.06186129517137294
0.7820280876703859,0.7087446977429764,1.2499891472432239
0.036160380524762115,0.3031283559453286,0.005576925664413884
0.26311256991084286,0.3601364074715191,0.20347620263391214
0.08764274676383854,0.9369578230310628,0.03292274845230103
0.5538022407123763,0.30552431065802355,0.1175999583187185
0.3969815170742834,0.44720254050483565,0.09901406951605685
0.6005943333606173,0.5156794276964978,0.25619561393445506
0.9193919732144173,0.49696348290583026,0.2155367834485301
0.9921580148233127,0.8514249577450957,1.9546726072959175
0.2085105143573358,0.9305952146439163,0.13497942126281182
0.11636639788547609,0.8174497084911916,0.05319929674729219
0.3806232934765801,0.8779743204450695,0.3743133045956316
0.8680566901074503,0.8059254001176211,1.5619205779977983
0.7900304363070614,0.3046791390980408,0.09353168083603758
0.08091928305125218,0.40298017876516146,0.02220033880660233
0.17352451498650867,0.6949510889024617,0.09871167891942413
0.34609972653778553,0.9756102008599149,0.30755278618292836
0.640972077345332,0.822480563634361,0.9222540934187469
0.13252467274184843,0.8620144822726226,0.06536420050674693
0.9227571905133943,0.4870619188189359,0.13796051670785625
0.6062529377509774,0.7648098009029954,0.8360501176302607
0.17483862726041255,0.5025660764634424,0.050805226651672614
0.3986630277723131,0.1463739921622491,0.32087312075245467
0.36753442229153144,0.06817230938549357,0.3578450409298761
0.025811906949486985,0.13516628915482276,0.0035003003213057824
0.9631151115891738,0.549529535895017,0.7883864361821835
0.96582216115322,0.432497878330132,0.1974460459440558
0.3118161330852596,0.5061418628402441,0.10700121470651439
0.4395116886329101,0.10566468426174391,0.4844607896002384
0.6408263146902062,0.2160381825095996,0.7329528621080331
0.6195879548978296,0.6502010923981534,0.7566422478001493
0.1520248531286481,0.06134962711066816,0.08179891835390102
0.7807615860684398,0.4598004237693202,0.08039240494611732
0.05816379550547579,0.9948663171697671,0.016892941463644024
0.05778056099636664,0.6950352288585532,0.01682009571009679
0.9836789252634136,0.23918010421592562,0.027587562172645352
0.14224936868719618,0.1213849394224289,0.03447247970193082
0.30327514756759555,0.10104581101064669,0.11883327926218887
0.6921613416941319,0.06229179813006269,0.625374343308915
0.5094221281497897,0.9966968538529768,0.5828909843680754
0.8139702695060188,0.6152194382310109,1.0517467109695677
0.30625362078661167,0.6238958362916385,0.22029319201355152
0.5270414639116516,0.4260833838903715,0.1882632312677745
0.13071037674019947,0.8866042152404667,0.06358585398351355
0.4497846488213225,0.19462251182076507,0.494746783166675
0.3677593508772896,0.41412975252892703,0.16390118145489377
0.8275378955668743,0.733614380561402,1.4095570115177574
0.7693048936413398,0.011031264428647214,0.2832262054611407
0.4161539981797615,0.4813441516353236,0.10870052352725551
0.019192276823056686,0.2598132087450342,0.0029459299045253642
0.760289823122135,0.13710970572899905,0.785101885370271
0.5353101314525917,0.2152018720172375,0.5028273940046447
0.012120774643893273,0.24120145759954148,0.0011881130042588372
0.9758737549100538,0.8015371118829896,1.9162622385395731
0.9595766443210334,0.48785404392636245,0.13670088790881152
0.1097361986775035,0.547959488973693,0.03409096439077798
0.4543773345599609,0.844357082739616,0.5098313070798082
0.09808258078424459,0.4882411370217782,0.022356630775169747
0.15004866469398426,0.32467592689006,0.056737297141458615
0.7373570773877997,0.47601812936876653,0.11362354580711542
0.37588828514576933,0.3944762785700353,0.25060233907618074
0.45944676840598664,0.7850165438370569,0.5222314066804995
0.8920846889402344,0.9553346865039283,1.5502510623066836
0.7869033862552951,0.31540689574801273,0.33456605907535997
0.6881347060865421,0.4376031240553919,0.1574808282767176
0.2546706220460512,0.8408715794259226,0.1925837818475708
0.038426348962324997,0.9017619921354235,0.008924118579606477
0.46147746462473416,0.6372014768082804,0.447183862517627
0.6593539222057827,0.8951177407065364,0.947703138362236
0.6366696821672073,0.6139335847600618,0.6982290310557848
0.06665204056068996,0.5184080219452041,0.01477530297423331
0.15016900081704165,0.7374337687214856,0.07993816694913809
0.5122219208126745,0.6802277792083533,0.5845543127923369
0.041672900602384266,0.08479201604580322,0.009820969224125006
0.7163233880626823,0.07208433599867337,0.2335711268103552
0.0712567277652586,0.01210847523488745,0.018117969623950975
0.9565013982994801,0.737508359459007,1.8177714957386744
0.35325140850206416,0.2965355812876552,0.0939167054500152
0.34970322974584955,0.7746535311811819,0.328533128531084
0.6613706110704144,0.18519556786746794,0.2000609516384138
0.17410933533408435,0.09839564971339732,0.08403298465874312
0.6603027197013381,0.7643726622217359,0.9682433272393507
0.265046428325004,0.020944961030912812,0.06896450352636874
0.08217166747642735,0.9678600348450305,0.029469953356909516
0.29544477747742026,0.7692231478381336,0.2472563582851124
0.6246635688542638,0.3819396396528959,0.7048855928411104
0.2056872621955551,0.12138641815940643,0.05316458457651302
0.6150129680388666,0.774633780637788,0.8588199888330634
0.6439042535411307,0.5303021332491583,0.3497758905579507
0.041951223431636264,0.9684887775943838,0.01013295810801109
0.7987141916545746,0.29282203670096474,0.2125760017168805
0.9799703293588506,0.6018815896363221,1.3273470739420066
0.5824226582072465,0.7480731794295321,0.7758079218368557
0.8117697880901376,0.6564786073315027,1.2137392822857875
0.12809574636620003,0.3382675059944984,0.05623265193276127
0.9280836403260497,0.22461561184385193,1.6051770581117124
0.3721670238375133,0.432076882944196,0.1162831483492644
0.4394049896944522,0.6129395824945255,0.38040575441808766
0.9430758377447076,0.24069271183250496,0.02658381237194707
0.12150137630091806,0.19747048985993731,0.049582230517888154
0.8869249002092695,0.645810812655206,1.3679702254162767
0.28590678923916013,0.8159469389686173,0.23442452996182495
0.861369996363436,0.846514338690278,1.5300259935479108
0.9189265336395545,0.2522410201733616,0.8732913064528386
0.7550419287462783,0.46053949727414,0.08599309300319224
0.8419985528900615,0.7284906771616132,1.447026048784374
0.7764474464997246,0.6561618376810715,1.1245402118208134
0.17742876946970687,0.5450269188969383,0.06771976287460525
0.9846697395245082,0.9373880664971189,1.8572894271461209
0.04317373579701167,0.16481481572943713,0.007527526046951209
0.1317287734545619,0.7259799099852955,0.06424561615724536
0.8177853298569451,0.2135113663106719,0.776379593478521
0.505852692951829,0.8407030280112,0.6125615637453612
0.7328015447662506,0.5422372054918483,0.4895020719092035
0.5903476904587729,0.50836054691628,0.22171781620828138
0.2975484513188206,0.5650219928590161,0.16312565330260506
0.6888853020500907,0.8733229158608077,1.0304239395044203
0.6362913539792481,0.761121537043158,0.9075435544574428
0.160071634954573,0.4615574744197899,0.03842436245815961
0.009331619827093296,0.24667886452162302,0.0008436422217259598
0.7264617151130048,0.9918099513493635,1.0679339738775133
0.0991780995872159,0.40149431586128825,0.030451355997425572
0.8000709686991595,0.20403563462889884,0.1417442686239353
0.5550849493022862,0.7330712960296748,0.708810757129633
0.615985450260179,0.18802473461541613,0.4790653238175849
0.3553845686857394,0.7837917844853972,0.33795256993482553
0.5542265141320166,0.005229613542912737,0.5318176452458068
0.7609907600280938,0.03531135494023907,0.2145387672152852
0.7457337827312321,0.2024805601652374,0.268372038018081
0.9580734801193802,0.3679407513020845,1.7572320027418529
0.3269316163380791,0.14888805033244468,0.28353078767498446
0.3056042154902149,0.8766507618282006,0.25896314565615475
0.9963343376272473,0.36830953050684834,1.8740126212243284
0.44861063095454257,0.722070938202737,0.4897171488198667
0.8861957804650745,0.5930443341867842,1.0650354404475662
0.39152569817782934,0.41262184084862374,0.18392333382329748
0.6956181464968069,0.0032182636042786816,0.3775154220706677
0.6195893374598407,0.3554930104413574,0.8709274574395531
0.7941973312770843,0.09299063982313216,1.061493137934787
0.5882022669483905,0.48097288988612374,0.13107033383037964
0.6423255259052274,0.06485359448296835,0.166547626508378
0.5799837874281313,0.5614845879595237,0.43149119008568704
0.5606600944161709,0.6034876665964548,0.5410076939444443
0.6764679372263622,0.8049889996807698,1.0138136618820703
0.26982072012821434,0.8250494101800621,0.21258319653424826
0.4982556822634536,0.07705827913433116,0.11702540505017994
0.0585509292439792,0.3342383186960608,0.015730865636618914
0.7848969771114676,0.7076809347409158,1.2563883119764252
0.7886149646724064,0.5172690564416094,0.3513293312171708
0.44019899795549056,0.14745252670628395,0.46735368381362524
0.32819275360931155,0.43401936617387527,0.09888964432313206
0.08860042967961723,0.22061195271121126,0.034160117024749755
0.5982252940637388,0.7356631142391898,0.8069339559296849
0.9983475113929496,0.9331133313435577,1.9066605581793457
0.6425651995351915,0.421248053294072,0.26593205749949955
0.6361773647082327,0.785651618080232,0.9116496608201942
0.11833619092338732,0.40990488969628824,0.0361489767752214
0.8398022856356172,0.383832951933044,1.11044617162316
0.5718722712271865,0.5877693608621982,0.5124249352516125
0.18447625313363936,0.3622354416522884,0.11234672502306609
0.33451128874193214,0.026196708532064794,0.13581276868598086
0.024191763891355245,0.8316970436757735,0.0043433809048748825
0.2730708099728124,0.5180787662388154,0.10157537437532604
0.29872557358877305,0.9406792451153405,0.24398164086669644
0.25929675886577375,0.4296568127389351,0.08081202664116681
0.8727302504846018,0.8419335667918086,1.567226659150402
0.18610141784627732,0.8026433097957104,0.11491093767846718
0.45818688673789265,0.4829688720853552,0.11891195157968326
0.13347997241594378,0.08060151375712465,0.048971072184271575
0.7279393069737652,0.49646115235529975,0.20089235332977595
0.43685070261517955,0.7295082286523967,0.4705780981506037
0.7655128989911097,0.15890816766935356,1.223932909449874
0.6102251494776413,0.13535408227768553,0.13297214960055642
0.7513750860290457,0.6569551562671395,1.0658445497903248
0.956614621083458,0.06895801635642118,1.109327543585664
0.05705472115125432,0.28218707469320015,0.013601414461750148
