0.3745401188473625,0.9507143064099162,0.8134103134520979
0.7319939418114051,0.5986584841970366,0.8478857291810045
0.15601864044243652,0.15599452033620265,0.4756167779013671
0.05808361216819946,0.8661761457749352,0.5499610940287448
0.6011150117432088,0.7080725777960455,0.8429601995221234
0.020584494295802447,0.9699098521619943,0.45714535843713866
0.8324426408004217,0.21233911067827616,0.7070935284830687
0.18182496720710062,0.18340450985343382,0.5065387866179568
0.3042422429595377,0.5247564316322378,0.6928439944496037
0.43194501864211576,0.2912291401980419,0.660591010791145
0.6118528947223795,0.13949386065204183,0.6112803320961219
0.29214464853521815,0.3663618432936917,0.6395899546940274
0.45606998421703593,0.7851759613930136,0.8143286172496832
0.19967378215835974,0.5142344384136116,0.6343025253748625
0.5924145688620425,0.046450412719997725,0.48744212843647583
0.6075448519014384,0.17052412368729153,0.6354374903625016
0.06505159298527952,0.9488855372533332,0.5729204873198558
0.9656320330745594,0.8083973481164611,0.9516720375940189
0.3046137691733707,0.09767211400638387,0.4951126511812834
0.6842330265121569,0.4401524937396013,0.7866135803172648
0.12203823484477883,0.4951769101112702,0.5704942356194439
0.034388521115218396,0.9093204020787821,0.5000645716314959
0.2587799816000169,0.662522284353982,0.7027910686244506
0.31171107608941095,0.5200680211778108,0.6949642699533093
0.5467102793432796,0.18485445552552704,0.6322916294701305
0.9695846277645586,0.7751328233611146,0.9444791386575588
0.9394989415641891,0.8948273504276488,0.9658887528157356
0.5978999788110851,0.9218742350231168,0.8876873746425641
0.0884925020519195,0.1959828624191452,0.4444520505304709
0.045227288910538066,0.32533033076326434,0.4300758159943861
0.388677289689482,0.2713490317738959,0.637710383433903
0.8287375091519293,0.3567533266935893,0.7837129182157971
0.28093450968738076,0.5426960831582485,0.6864870603089179
0.14092422497476265,0.8021969807540397,0.6466262569553792
0.07455064367977082,0.9868869366005173,0.593394831903378
0.7722447692966574,0.1987156815341724,0.6873808411110174
0.005522117123602399,0.8154614284548342,0.3393921612740604
0.7068573438476171,0.7290071680409873,0.8758156767106641
0.7712703466859457,0.07404465173409036,0.5640791741025425
0.3584657285442726,0.11586905952512971,0.5292770032219174
0.8631034258755935,0.6232981268275579,0.8833884819844295
0.3308980248526492,0.06355835028602363,0.4619270110173002
0.3109823217156622,0.32518332202674705,0.6323722342721748
0.7296061783380641,0.6375574713552131,0.8580677281243373
0.8872127425763265,0.4722149251619493,0.8402983215462332
0.1195942459383017,0.713244787222995,0.6112090530076735
0.7607850486168974,0.5612771975694962,0.8435054123641135
0.770967179954561,0.49379559636439074,0.8243594496497905
0.5227328293819941,0.42754101835854963,0.7410568271977991
0.02541912674409519,0.10789142699330445,0.3073473781986777
0.03142918568673425,0.6364104112637804,0.4573135620053824
0.3143559810763267,0.5085706911647028,0.6930341113089461
0.907566473926093,0.24929222914887494,0.742877897342255
0.41038292303562973,0.7555511385430487,0.7912079255886282
0.22879816549162246,0.07697990982879299,0.4458266106140987
0.289751452913768,0.16122128725400442,0.5418631300470449
0.9296976523425731,0.808120379564417,0.9444164839289184
0.6334037565104235,0.8714605901877177,0.8879442051697916
0.8036720768991145,0.18657005888603584,0.6842017262474476
0.8925589984899778,0.5393422419156507,0.8639732053090584
0.8074401551640625,0.8960912999234932,0.9373300080090978
0.3180034749718639,0.11005192452767676,0.5114532015144582
0.22793516254194168,0.4271077886262563,0.6275809664485232
0.8180147659224931,0.8607305832563434,0.9322355825612273
0.006952130531190703,0.5107473025775657,0.3236419430423263
0.417411003148779,0.22210781047073025,0.6214776928252096
0.1198653673336828,0.33761517140362796,0.5265300170241082
0.9429097039125192,0.32320293202075523,0.7884770908378655
0.5187906217433661,0.7030189588951778,0.8173194437645592
0.363629602379294,0.9717820827209607,0.8121675319716716
0.9624472949421112,0.25178229582536416,0.753148176782466
0.49724850589238545,0.30087830981676966,0.6839004248517409
0.2848404943774676,0.036886947354532795,0.4020637225995098
0.6095643339798968,0.5026790232288615,0.7893362755465194
0.05147875124998935,0.27864646423661144,0.4278941095950799
0.9082658859666537,0.23956189066697242,0.7370995514414832
0.1448948720912231,0.489452760277563,0.5890508127873987
0.9856504541106007,0.2420552715115004,0.7508055846022139
0.6721355474058786,0.7616196153287176,0.8746594587723073
0.23763754399239967,0.7282163486118596,0.704101218652919
0.3677831327192532,0.6323058305935795,0.7469710989412539
0.6335297107608947,0.5357746840747585,0.8056563512952737
0.0902897700544083,0.835302495589238,0.5963434660444781
0.32078006497173583,0.18651851039985423,0.5693585697781349
0.040775141554763916,0.5908929431882418,0.4746580559434947
0.6775643618422824,0.016587828927856152,0.40751914888612184
0.512093058299281,0.22649577519793795,0.649952769818862
0.6451727904094499,0.17436642900499144,0.6459929573164435
0.690937738102466,0.3867353463005374,0.7680165100685515
0.9367299887367345,0.13752094414599325,0.6637379564640908
0.3410663510502585,0.11347352124058907,0.5218511938377932
0.9246936182785628,0.877339353380981,0.9590319903189731
0.2579416277151556,0.659984046034179,0.701796139185789
0.8172222002012158,0.5552008115994623,0.8538037336903129
0.5296505783560065,0.24185229090045168,0.6629914553964694
0.09310276780589921,0.8972157579533268,0.6086559851121407
0.9004180571633305,0.6331014572732679,0.8936830105305602
0.3390297910487007,0.3492095746126609,0.6526266450489677
0.7259556788702394,0.8971102599525771,0.9178066204851455
0.8870864242651173,0.7798755458576239,0.9289626373276549
0.6420316461542878,0.08413996499504883,0.5578426977277934
0.16162871409461377,0.8985541885270792,0.6798491488100955
0.6064290596595899,0.009197051616629648,0.35423031523667725
0.1014715428660321,0.6635017691080558,0.5829580043625352
0.005061583846218687,0.16080805141749865,0.24105649911339536
0.5487337893665861,0.6918951976926933,0.8239111950647007
0.6519612595026005,0.22426930946055978,0.680766736509436
0.7121792213475359,0.23724908749680007,0.7007430027869016
0.3253996981592677,0.7464914051180241,0.7535089090055804
0.6496328990472147,0.8492234104941779,0.8878467181085452
0.6576128923003434,0.5683086033354716,0.8213171848565031
0.09367476782809248,0.3677158030594335,0.5098318746045915
0.26520236768172545,0.24398964337908358,0.5783486921954973
0.9730105547524456,0.3930977246667604,0.8251323536952037
0.8920465551771133,0.6311386259972629,0.8914612213976625
0.7948113035416484,0.5026370931051921,0.8323456496535202
0.5769038846263591,0.4925176938188639,0.777508346980632
0.1952429877980445,0.7224521152615053,0.6758913717669455
0.2807723624408558,0.02431596643145384,0.3688494823281993
0.6454722959071678,0.17711067940704894,0.6480738101428812
0.9404585843529143,0.9539285770025874,0.9785231548195686
0.9148643902204485,0.3701587002554444,0.8052837529318548
0.015456616528867428,0.9283185625877254,0.42791971280811425
0.42818414831731433,0.9666548190436696,0.8382632004310027
0.9636199770892528,0.8530094554673601,0.9615501236165045
0.2944488920695857,0.38509772860192526,0.6470177220533103
0.8511366715168569,0.31692200515627766,0.76946760325384
0.1694927466860925,0.5568012624583502,0.6236921325908299
0.936154774160781,0.696029796674973,0.9178994247285414
0.570061170089365,0.09717649377076854,0.5606560810687898
0.6150072266991697,0.9900538501042633,0.9055403507923382
0.14008401523652403,0.5183296523637367,0.5918326591397346
0.8773730719279554,0.7407686177542044,0.9174309248688195
0.697015740995268,0.7024840839871093,0.8669135977293497
0.35949115121975517,0.29359184426449336,0.6378028247914863
0.8093611554785136,0.8101133946791808,0.9190468143187304
0.8670723185801037,0.9132405525564713,0.9543948824303161
0.5113423988609378,0.5015162946871996,0.7617270364303833
0.7982951789667752,0.6499639307777652,0.8770221309941761
0.7019668772577033,0.795792669436101,0.8900682530180304
0.8900053418175663,0.3379951568515358,0.7864309885563943
0.375582952639944,0.093981939840869,0.5123303163494236
0.578280140996174,0.035942273796742086,0.4608385115976078
0.46559801813246016,0.5426446347075766,0.7594607385444581
0.2865412521282844,0.5908332605690108,0.7010200153263602
0.03050024993904943,0.03734818874921442,0.2578188035416457
0.8226005606596583,0.3601906414112629,0.7840509496319406
0.12706051265188478,0.5222432600548044,0.5812683675290462
0.7699935530986108,0.21582102749684318,0.6984191984912965
0.6228904758190003,0.085347464993768,0.5560584737324527
0.0516817211686077,0.531354631568148,0.4872415182850223
0.5406351216101065,0.6374299014982066,0.8081041508754941
0.7260913337226615,0.9758520794625346,0.9334155874070423
0.5163003483011953,0.32295647294124596,0.6988907335521604
0.7951861947687037,0.2708322512620742,0.7355866560386255
0.4389714207056361,0.07845638134226596,0.5098153458186341
0.02535074341545751,0.9626484146779251,0.4758736742556514
0.8359801205122058,0.695974206093698,0.8973416353941555
0.4089529444142699,0.17329432007084578,0.5889677753769141
0.15643704267108605,0.25024289816459533,0.5230464655139416
0.5492266647061205,0.7145959227000623,0.8293969415713517
0.6601973767177313,0.27993389694594284,0.7134209473337025
0.9548652806631941,0.7378969166957685,0.9323684294462875
0.5543540525114007,0.6117207462343522,0.8055047157026264
0.4196000624277899,0.24773098950115746,0.6358624459434016
0.3559726786512616,0.7578461104643691,0.7694839018640229
0.014393488629755868,0.11607264050691624,0.2783422840229634
0.04600264202175275,0.040728802318970136,0.2847979656924241
0.8554605840110072,0.7036578593800237,0.9034670315708014
0.4741738290873252,0.09783416065100148,0.5411100757183264
0.49161587511683236,0.4734717707805657,0.7471090511123423
0.17320186991001518,0.43385164923797304,0.595907382547456
0.39850473439737344,0.6158500980522165,0.7550604108740079
0.6350936508676438,0.04530400977204452,0.4918072002256702
0.3746126146264712,0.6258599157142364,0.7481900132407511
0.5031362585800877,0.8564898411883223,0.845048366182073
0.658693631618945,0.1629344270814297,0.6399400110926728
0.07056874740042984,0.6424192782063156,0.538624612644641
0.026511310541621813,0.5857755812734633,0.434742894044591
0.9402302414249576,0.575474177875879,0.8844066742590391
0.3881699262065219,0.6432882184423532,0.7576794293528155
0.45825289049151663,0.5456167893159349,0.757876756396003
0.9414648087765252,0.38610263780077425,0.81677299825113
0.9611905638239142,0.9053506419560637,0.9725798386329334
0.19579113478929644,0.06936130087516545,0.4232354634565902
0.10077800137742665,0.018221825651549728,0.283655706915352
0.0944429607559284,0.6830067734163568,0.5779881317752669
0.07118864846022899,0.3189756302937613,0.4690656715842942
0.8448753109694546,0.023271935735825866,0.4557482667304623
0.8144684825889358,0.28185477477339993,0.7450405934959738
0.11816482762165625,0.6967371653641506,0.6068920390109402
0.628942846779884,0.877472013527053,0.8879098854216771
0.7350710438038858,0.8034809303848486,0.9000382732800918
0.2820345725713065,0.17743954377972282,0.5493770995414365
0.7506147516408583,0.806834739267264,0.9045661603811562
0.9905051420006733,0.4126176769114265,0.83614368252699
0.37201808579278317,0.7764129607419968,0.780066030399987
0.34080354025301784,0.9307573256035647,0.7948187654325658
0.8584127518430118,0.42899402737501835,0.8188973793215174
0.7508710677914974,0.7545428740846823,0.892585563808604
0.10312386883593261,0.9025529066795667,0.621965611793484
0.5052523724478571,0.8264574661077416,0.8397418040164069
0.32004960103061175,0.8955232284962005,0.7788589755792865
0.3892016787341631,0.01083765148029836,0.3349823902396601
0.9053819764192637,0.09128667678613356,0.6073623242705913
0.31931363759041487,0.9500619670508049,0.7877599185297554
0.9506071469375561,0.5734378881232861,0.8857221220301804
0.6318372121697993,0.44844552197831977,0.7770750738477429
0.29321077169806453,0.32866454536991596,0.6263059760188198
0.6725184560770384,0.75237452943768,0.8726250148355997
0.7915790437258485,0.7896181427945539,0.910295259990624
0.09120610304869037,0.49442030470258147,0.5380517392636001
0.057558760016644284,0.5495288823237355,0.5012107653639717
0.441530501373377,0.8877041827582998,0.8291742284578314
0.3509150125520787,0.11706701642760586,0.5281135368387206
0.14299168205283586,0.7615106317174722,0.6417965071358536
0.6182180633162611,0.10112267612279024,0.5743783330789722
0.08410680611499743,0.70096913145912,0.5676831542813874
0.07276300636419353,0.8218600592903562,0.5693006792051796
0.7062422271564962,0.08134878064189976,0.5647561198139597
0.08483771408519192,0.9866395785011755,0.6089049410517936
0.3742707957561203,0.3706421470668909,0.673640436680637
0.8127995672575026,0.9472485773838587,0.9490508556857669
0.9860010638228709,0.7533781852589416,0.9422759027181412
0.37625958553091576,0.08350071669866876,0.5005362725933964
0.7771469159274368,0.558404249735805,0.8462338014530514
0.4242220092469763,0.906354385094736,0.825996576624069
0.11119748230615134,0.49262510429085915,0.5593997897501147
0.011353644767419069,0.46866064199412627,0.3509124340081519
0.05630327568183735,0.11881791626807192,0.367352600743546
0.11752624677710488,0.6492103021160636,0.5977286242653638
0.7460448792654233,0.5833687650971596,0.846723523099613
0.9621725484745419,0.37487057952370406,0.8155054427750607
0.28571208628186073,0.8685991281894603,0.756745069984281
0.22359583851945264,0.9632225394406113,0.7355938177483913
0.012154474689816341,0.969878826707639,0.41142505361086357
0.04315991195057611,0.8911431136980711,0.5212014329910994
0.5277011090862999,0.9929647961193003,0.8787480447552303
0.07379656473539886,0.5538542844013208,0.5275775819668757
0.969302535619099,0.5230978441701488,0.872988365481183
0.6293986381352625,0.6957486889846172,0.84776530522667
0.45454106476777323,0.6275580800840634,0.7781179073244388
0.5843143119231002,0.901158010490989,0.8796086555749126
0.04544638034145787,0.2809631895922303,0.4180514601530817
0.9504114840765587,0.8902637838909163,0.9671327195750312
0.45565675278571294,0.6201325978015367,0.7766484402273234
0.2773811829811327,0.1881211597237613,0.5539912797911539
0.46369840493998216,0.3533522280260528,0.696447986617217
0.5836561118508721,0.07773463696498484,0.5387091132176784
0.9743948076661665,0.9862107444796029,0.9920668506072973
0.6981617140197451,0.5360963663441204,0.8215609313259495
0.30952761628632774,0.8137950197069487,0.759001940397099
0.6847311725538793,0.1626169393448913,0.644669578288163
0.9109271844938425,0.822537242923169,0.9439040440379819
0.949799913291924,0.72571950838836,0.928282545864714
0.6134151959357899,0.4182430362906189,0.761792424924127
0.9327284833540133,0.8660638895004084,0.9582107395304345
0.04521867010618941,0.026366974497252005,0.2601810229833666
0.3764633668780496,0.8105533307818329,0.7886800646242353
0.9872761293149445,0.15041689110352818,0.6828841755837783
0.5941307153521351,0.3808908566310215,0.7429105239035714
0.9699143978146032,0.8421189231357087,0.960331924705797
0.8383287047111379,0.4686931597949703,0.8295844262029419
0.4148195023376652,0.27340707193070624,0.6470439517497363
0.056375496650927115,0.8647223762550532,0.5465040888768589
0.8129010091300776,0.9997176732861306,0.9593630918551331
0.9966368370739054,0.5554317056026274,0.8884510816378236
0.7689874151805105,0.944765729882428,0.938098999490177
0.8496473906774115,0.24734810174319766,0.7319972710107205
0.4505441353100935,0.12915941515149498,0.5662036727481106
0.9540510272587224,0.60617463445088,0.8962597073907973
0.22864280550346272,0.6717006844058567,0.6874904444948113
0.6181282404578958,0.3581627180328405,0.7396594199169654
0.11355759219962902,0.6715731955927996,0.5976706177212775
0.5203077009037933,0.7723183917356393,0.833319080890682
0.5201635011119934,0.8521815003185401,0.8498345737280857
0.5519068387744855,0.5609379715353863,0.7909629174512571
0.876653602658345,0.40348286621239704,0.8123265049746141
0.13401522845064073,0.028782676313338973,0.3290463403488684
0.755137255673619,0.6203095513534647,0.8592645070869579
0.7040797680992236,0.21296416150891073,0.6842041088595919
0.13637147558676976,0.014544665667881929,0.2880616583085428
0.350587558806597,0.5899176868546331,0.7296550347718768
0.3922440450997323,0.43747492202372906,0.702913532250149
0.9041586944937484,0.34825546702330035,0.7936490872940065
0.5139894891598108,0.7836530127411431,0.8337111487436797
0.39654278232127016,0.6220867002278735,0.7558370789474725
0.8623637087467452,0.9495206236576421,0.9608132305480696
0.14707348092903794,0.9265876251614944,0.6712498063809341
0.4921162930795382,0.25824438829895835,0.6619416792981746
0.4591357562382613,0.980032575285477,0.8523860341505761
0.4926180939928696,0.3287516102875082,0.6948253416843782
0.6334008543167258,0.24014561877819307,0.6861683191467982
0.07586332810866392,0.12887972191064923,0.3963175425372517
0.12804583895777244,0.15190269351229435,0.4547641164057919
0.13882717264941014,0.6408747448032146,0.6163814033569156
0.18188008439914483,0.3456672833238632,0.5750275925520604
0.8967884099060118,0.47396164026287235,0.8427264715779104
0.6675577385210272,0.17231987120162984,0.6488806735763467
0.19228901880867078,0.04086861626647886,0.37937515284387247
0.16893506307216455,0.2785903390319586,0.5426716950701282
0.17701048427674682,0.08870253375705561,0.4356994414091728
0.12063587110060081,0.46077876803272577,0.5610399468714778
0.2063337184057925,0.36426986104807546,0.5959347202810481
0.5034172708548569,0.6903948286293653,0.8094781456125879
0.039312139841098936,0.7994103989090426,0.5005636346859845
0.6279003894909078,0.08175903194887191,0.5521858819862084
0.8735786241067772,0.9208724005318132,0.9574151404965949
0.06107795985486375,0.2768776481472037,0.4422160325693849
0.8062012797930613,0.7482596903836584,0.9038558362400144
0.18452101935637732,0.2093493233367103,0.5216551284360696
0.370472102791382,0.4845229851910213,0.7092739000784426
0.618254771530296,0.3689136395697724,0.7440779551207568
0.4625347161331479,0.7474709381337565,0.8086260523337553
0.0366832028905979,0.25243694434402075,0.3920342696312561
0.7133495858845524,0.8952068376871993,0.9142083020035224
0.5116774421156661,0.5321134852653157,0.7709036594743252
0.10717201133977605,0.44741236682345464,0.5447006243908071
0.5326172664550232,0.24247050363472966,0.6640714834583686
0.26924323094938096,0.37728416310462265,0.6329401910816157
0.02007119777772637,0.3220791655831783,0.36484397988582135
0.21144800699654465,0.32749735217791465,0.5862492199005451
0.11976213181925122,0.890527280739895,0.63913610147101
0.5935924535540487,0.6791023191444896,0.83384382494766
0.7891712386073383,0.4984421989290573,0.8297690091905783
0.08692028808742369,0.5371065418185478,0.5417966555003934
0.5868411180208791,0.74543947418433,0.8475914838821096
0.4316595462296794,0.12758030279556376,0.559996091280626
0.28377590579872447,0.3630822963986351,0.6347403667302272
0.6459172413316012,0.5707783046689119,0.8190848003910016
0.35609672589784624,0.9865152487929797,0.8112119817528957
0.6057748193568872,0.23722679173599448,0.6784142949993603
0.10178247262040374,0.15285913918433203,0.43490347851534544
0.24595772838450813,0.16068137325955567,0.524040921457504
0.18656702405130576,0.2850951686938471,0.5561154340537028
0.17337359529475482,0.8967654246264252,0.6891795182466203
0.08023374566164221,0.5245113895702547,0.5306673869080113
0.4103968269896615,0.9823786169086064,0.8338666004357586
0.11203890216805235,0.39785559904574164,0.5368078570288395
0.9694704332753689,0.8655071258939803,0.965519486456924
0.8170720709492799,0.25790282704493983,0.7323914972756819
0.17088758739006582,0.668643219924431,0.6480089328909814
0.9293759891275858,0.5567628930139298,0.8765412245441833
0.5716126894698998,0.2799790936602842,0.6931791527870222
0.7694929331919369,0.18704374855752337,0.6786245499926508
0.3236792364042437,0.4254364386164168,0.6726511748513007
0.507610378684455,0.24240973241508024,0.657682231979703
0.11483682473920354,0.6106200424416326,0.5877199678262998
0.28863055324025577,0.5812382214226123,0.6997441774416003
0.1543627152742023,0.4811401018548175,0.594514967686464
0.5325894325515859,0.05182353682242691,0.487734996674339
0.3366042781939206,0.13441467693897424,0.5384101825900645
0.06337497047276774,0.9899602323899452,0.5747872206066625
0.32235384497472297,0.8098744458546349,0.7644518044226193
0.25464065476376385,0.6815027222239293,0.7044968692289931
0.7602278598896866,0.5956387406078443,0.8534642686514993
0.47157618855015837,0.41184091414726853,0.7205369741890221
0.3488682665429953,0.9295291442478258,0.7983344962942063
0.8306194077877291,0.9650269106665126,0.9567275931731642
0.12429722348554473,0.7308674752036443,0.6189563354763473
0.9383404568210378,0.18123306616566015,0.7016484592898392
0.0664962673667775,0.741120649290059,0.5476930580405635
0.5744731131799119,0.8418287767582721,0.8647661768938247
0.1397723766262895,0.7952673118598902,0.6444465400027031
0.20162732004774453,0.1636559428657045,0.5054709853898804
0.16426579793099294,0.8145747202313821,0.6687990000701625
0.6651972206962001,0.5230654247691193,0.8096573969821739
0.3588304841235025,0.8772005408131083,0.7935926636875201
0.3924451074226354,0.8165994394715771,0.7964483178122093
0.4391349085702184,0.3769444294249076,0.6978708501687979
0.46267978566960644,0.3013778741641421,0.6743391562175071
0.7476093801762511,0.5027203900924792,0.8222431202936484
0.2322126951468173,0.8995745732745685,0.7311132018483845
0.3838912213732114,0.5435528611139886,0.7309539097644194
0.9064721109645469,0.6242379959139921,0.8923617146511531
0.11689804070836407,0.9398321236134751,0.6429415656711226
0.6277080530714179,0.3349056146570861,0.7320420453413021
0.13927207266338726,0.794025189270296,0.6437832363335009
0.6200727559285135,0.5334610919763215,0.8015102487583393
0.8938925830509576,0.7885972112245307,0.9324554982825298
0.15167487973275118,0.31172206779554823,0.5431705831575254
0.24848913981446574,0.743946292572677,0.713460278963717
0.03353243473577938,0.5698896848713165,0.45315959172109915
0.7624586857406905,0.8767656367617495,0.9226138445439964
0.34208174871590746,0.8212573046720129,0.7757500813720292
0.11063173695520723,0.8464522917345182,0.6227252034959567
0.12748866233198242,0.39728729056036727,0.5507002165510221
0.7972953657795536,0.14991742734877378,0.6538743060787056
0.22925139523264149,0.7222525683930663,0.6979112780802427
0.7200365365460744,0.6411476328852973,0.8567665758763341
0.6939484444671,0.5427244433475962,0.8225860074483781
0.25179905890695276,0.34569599350391944,0.6136909088941507
0.18159771680142567,0.9084505613336283,0.6974006315096982
0.5833917947661205,0.4008514167636399,0.7478056599610002
0.4620058036441327,0.9472833396118153,0.8476673705135523
0.1533514031160802,0.5862298320167972,0.6176623561877337
0.505888678884466,0.6114542354346478,0.790831179616627
0.01811018382084051,0.8721239089441515,0.4362146130685952
0.9321182824836124,0.5651331835892089,0.8796792888257695
0.6966508238768923,0.9224993811772957,0.915369099572142
0.7072386343133986,0.15253904291426135,0.640603635192451
0.5762883601668132,0.6067150463828559,0.8104475666887989
0.424130671302386,0.7364442356247228,0.792369790368572
0.9343670147690148,0.9255685129067763,0.9713711799861744
0.4508393714041321,0.11323804584075525,0.551572798599272
0.9848411989623346,0.8388980864459341,0.9625317907076607
0.12466268120326685,0.9208418826173723,0.6486109936378626
0.8698963620621283,0.5188380571260721,0.8529034434411646
0.5912754357449292,0.39900270387013026,0.749123006686899
0.05476163882203133,0.3351972416459009,0.44952657831028253
0.8028534485980114,0.004632023004602859,0.32664904812067164
0.3334991716911442,0.3981686935909433,0.6677784103475005
0.5373956029379229,0.9198556164127605,0.8685658593982442
0.34634599436596125,0.3469532018962277,0.6545701760212541
0.7375012481097484,0.45221794088980716,0.8028272581938282
0.22460482293998196,0.4524395161326934,0.6329886478752327
0.14085702037979986,0.1763869865062233,0.4775831630625801
0.49836777273947974,0.4189254495045479,0.7310336006643942
0.9148459010681,0.3623938991166331,0.8018733219044629
0.5805883502780435,0.6322642879195304,0.818376959745607
0.013094456588333636,0.6635373720167106,0.38707094584743684
0.17803596686975143,0.9610703174694551,0.7025101159732073
0.14866272775311296,0.41462412372702373,0.5727582227099487
0.08534966807864386,0.9968742518459474,0.6108976339192913
0.5021950103312426,0.5953850173200438,0.785478060306186
0.06707647738842748,0.7499604703991778,0.5499481227955674
0.20990559309558576,0.8980542894407137,0.7162511305546313
0.20513964048200717,0.19068772066366657,0.5229672148508009
0.03654966784809488,0.47206694510999925,0.443994310773608
0.5648411332626164,0.06570863942835237,0.5174992897611747
0.7755276166950106,0.4532888347480276,0.8113242517410788
0.52439026932758,0.44076274693822814,0.7460568135994662
0.400763060875326,0.5596403313082179,0.7415822699789445
0.1552402459307125,0.18192813049527112,0.489982800696115
0.8617856210135173,0.9461154621336327,0.9599943493508305
0.37330931627975295,0.27074467314355377,0.6323037388038092
0.6439995432390158,0.4087341710980964,0.7657117320715098
0.02538635566034486,0.15615259736619036,0.33084906720294327
0.7159722288473975,0.6589239419101514,0.8604909220847751
0.02709599250348349,0.22197216193294944,0.3596174151391523
0.2310747965880714,0.6718927435987284,0.6889861725685041
0.019710537754364155,0.10410858198457384,0.29002604538506394
0.7999160853731894,0.1785446620543336,0.677576382887223
0.6527461078518747,0.23818278104672652,0.6891772464454328
0.09944139275934516,0.24317219099945409,0.4750028563963329
0.7222669318556592,0.8556964681062857,0.9082460007374591
0.8302198645669916,0.3971835296184548,0.8010080307827576
0.6680851365706462,0.20498429541582097,0.6719090332407032
0.29314773026101326,0.8963358185211198,0.7654405355850964
0.013001923510736035,0.08550853085446808,0.2565685444083687
0.20788625514602732,0.026532203873819715,0.35344335445548614
0.18143543508979731,0.5830415609696922,0.6380935061381647
0.42142455059249795,0.8926717110769748,0.822398521526813
0.8174435617384409,0.34181735169787597,0.7749084140486565
0.2594234334312925,0.3796924081672669,0.6290544273400132
0.5902949425148077,0.26806364082287626,0.6916102081654257
0.624148907849134,0.4094116521912404,0.7611840558529852
0.5520471808519802,0.4361265291353167,0.7521730006618798
0.29446575954191767,0.9484533069621567,0.7748366441138357
0.7636057941597608,0.14011317576645255,0.6395428359106273
0.8684679758979128,0.48743119824951364,0.8420413645239073
0.8945522268940914,0.7998552559473152,0.9352407485474449
0.42521350446923345,0.022469308320117398,0.3944930446403441
0.2686773593849461,0.5416342146608669,0.6801229539242384
0.6334782198261473,0.2578876854332023,0.6960372113964618
0.13935607407282413,0.8349302367992991,0.650362090587518
0.9844021807035521,0.5256901823026858,0.8765576547515374
0.1716792858483035,0.27230732651936895,0.5419452883182809
0.018390676547466733,0.914298806560499,0.4417099392997357
0.11775108289014113,0.5765164755142536,0.5839226566574529
0.274055220687206,0.5541780025157934,0.6859579164359211
0.6514203883518642,0.8297418037072016,0.8842210785436289
0.2064212717606032,0.010995828658480478,0.2959351027508643
0.13688563006880727,0.9000186418481051,0.6578424169172712
0.8738900775625152,0.5974131021703083,0.8781047173439381
0.6005168604336534,0.6650366745462555,0.8322890104608912
0.1753712786234496,0.9144119459249598,0.6934578549899948
0.4187705248920731,0.38313852824949746,0.6935318117300563
0.5189177052828375,0.046965966775055046,0.4757473206693759
0.1662833687560794,0.7380336164263704,0.6573323279385864
0.08279866792512647,0.6031521094663882,0.5491488016018947
0.24534910968132095,0.38929561404197655,0.6251911180035576
0.28869373677069987,0.35567271646494913,0.6343041937286263
0.7190459051842455,0.297121715623175,0.7344093583333
0.5664046402968972,0.47605040219909966,0.7694066716370725
0.6636711653626481,0.936829739324758,0.909332521630062
0.7325720972102503,0.21494037859075676,0.6909294056802061
0.031183135061284672,0.2622640442998251,0.38241217089676693
0.5950779307002548,0.05142581348425035,0.4979101767720542
0.49636624720123634,0.5968428489168892,0.7840295785487748
0.3342438908169608,0.7709122037458219,0.7624540572400983
0.1065982531337718,0.07513778173580876,0.38082170353812606
0.7281887562036033,0.49549131620619846,0.815560161659069
0.688402396427736,0.4348273386037462,0.7856549352797648
0.2464020332391068,0.8191023176741997,0.7261000863300869
0.7994158789689793,0.6946964708544268,0.8890241787554422
0.2721451372299627,0.5902306668690871,0.6936884601221858
0.3609738969400268,0.09158207332663415,0.5056584322659182
0.9173135754622428,0.1368186309189614,0.6602867953949798
0.9502373538208024,0.44600577295795574,0.8422373866960229
0.18513292883861965,0.5419009473783581,0.6313653103809115
0.8729458358764083,0.7322248864095612,0.9143792384980235
0.8065611478614497,0.6587833667107174,0.8812030359016878
0.6922765645178525,0.8491956515653193,0.8992024432957532
0.24966800885918594,0.4894249636431405,0.6567647012858688
0.22120944181960223,0.987668007996647,0.7377053435867182
0.9440593396866133,0.0394268113685059,0.5177954020421167
0.7055751725156885,0.9252483174156658,0.9182486931334052
0.18057534512733353,0.5679452305526295,0.6341514387068042
0.9154882975880418,0.03394597858579884,0.4994456397665919
0.6974202672468399,0.29734900737255077,0.730049337856638
0.9243961953765304,0.9710582451653678,0.9786348694116976
0.9442664891134339,0.47421421665746377,0.8515572080775049
0.8620426509893134,0.8445493985350704,0.9384924046213209
0.31910047324325563,0.8289154741506773,0.766456548414988
0.03700763471549262,0.596269878482053,0.4663874332643278
0.23000883728770305,0.12056688577727881,0.4881963332368509
0.07695320162920916,0.6962887758781398,0.5569333406139512
0.33987496376806614,0.7247667715287615,0.7556200786465537
0.06535634079894237,0.31529033783061033,0.4600443254262425
0.5394912923753372,0.7907231648389635,0.8433382147870234
0.3187525029320699,0.6258913764370091,0.7244201373905645
0.8859777482361871,0.6158631881823046,0.8858932896958238
0.23295947475363377,0.02440078155653802,0.35557958856847505
0.8700988739009299,0.021269410850387138,0.45026149955250583
0.8747016726841994,0.528937134027212,0.857142053043643
0.9390676985128962,0.7987832357736654,0.9441155892617437
0.9979341105333375,0.35071181545171015,0.8106071926847286
0.7671882889311269,0.40193091360924216,0.7903340171112005
0.47987562030390885,0.6275054632183701,0.7865914827738083
0.8736771141863388,0.9840834691992951,0.9702342002684146
0.7682734138645182,0.41776678216733376,0.7966910565929972
0.4213570022770702,0.7375823015888915,0.7915751293348303
0.23877714576830233,0.11047411313139466,0.48333768324392595
0.35462215764077654,0.28723899165408173,0.633288865428701
0.2963081204559901,0.23360775104990994,0.5862004674631203
0.04209318963636188,0.01787393473341381,0.23729380524352936
0.9877223897360315,0.42777313373586234,0.8417239426249669
0.3843266471596817,0.6796472826930698,0.7645340219881819
0.21825388786506417,0.9499611839502253,0.7300180019299924
0.786345014415552,0.08941100231225951,0.5880318100360422
0.41758077578492836,0.8791183075621647,0.818384818208194
0.9447320222914103,0.4674015112498697,0.8491799856442274
0.6134113892107077,0.16703394609207523,0.6340322010928965
0.9911686261369765,0.2316717013834434,0.7450820605637821
0.9427317741351257,0.6496466489923685,0.9065944780696539
0.6077367948788591,0.5126885110165086,0.7919792867314546
0.2306698117177587,0.17652803200550826,0.5271823820927719
0.22048620907017535,0.18643826214425452,0.5281816334176103
0.7795844735667533,0.3501252591667301,0.7712893326209654
0.05784267656339637,0.9691026301408113,0.56198358526492
0.8837858849634257,0.927752283195213,0.9610717653074378
0.9949078226464353,0.1738952492194873,0.7040672000658215
0.39624201890265875,0.7582384757040913,0.786236622573337
0.6960206180537922,0.15389590633985506,0.6396904019123946
0.8158331249906178,0.22444057183666066,0.7120992695403721
0.22381761482262308,0.5369744228934136,0.6545903108161457
0.5929399348417032,0.5800862078378112,0.8077940467861042
0.09148683739775487,0.8774608626303804,0.6038335978513694
0.26560004258870606,0.12951492128280417,0.5096940798618265
0.8887480798689772,0.9556514982297534,0.9678669142185277
0.8621276172654506,0.8095160747248781,0.9305921975079802
0.6552419806390217,0.5508573706091393,0.8156205806322477
0.08698675991141014,0.4084532130706987,0.5130020425128953
0.372688517012314,0.2597537837603262,0.6268759072028803
0.7234201136885849,0.4958757350787708,0.8146155338544124
0.08104621590764793,0.22018320194981134,0.44699574087522115
0.6832587636595959,0.07613085949030018,0.5536422038223932
0.8512069140487687,0.4951465270139743,0.8413055927049449
0.480586577326648,0.5924077846595176,0.7778188767272572
0.8246809659251492,0.34780920790219305,0.7789783888831086
0.6780161525590636,0.5657319639957911,0.8256008881797072
0.2670282701694213,0.878629986355158,0.7482946714876031
0.7974260216069281,0.6584518346584255,0.879109317564024
0.8505817290942419,0.8672942009598024,0.9409715620813003
0.7083629767150348,0.837013328363672,0.9007362590615617
0.6974714616692836,0.6801407717603004,0.8614400328714688
0.6186113782151843,0.7527166395576412,0.8582422375281822
0.1586051052930737,0.8808707591989284,0.6745992767703228
0.871843527745232,0.029247283034559146,0.48007027390285406
0.8258167505647627,0.1288698674734452,0.6388619370208707
0.3351188542591419,0.7435082562916078,0.7573505264015066
0.1607598960483082,0.8179670241190622,0.6664732185398003
0.8321341779577419,0.5074677337608362,0.8416283550807356
0.00638587171683358,0.2870381331749128,0.283551505409967
0.6169269183757422,0.9811861780274235,0.9044759602332825
0.6318135270166684,0.2598035810641598,0.6967016042589157
0.6340057030996114,0.5399853797158555,0.8070399491044213
0.7798453951511436,0.10698063882695841,0.6085030225545275
0.761027902502028,0.5412665786761103,0.8374566940633874
0.9629920038589946,0.3418721660386861,0.8007506224350228
0.6326218931339481,0.9320281055100175,0.8997350626472107
0.10250972799067926,0.9372284872364511,0.6259247324111853
0.6878857223008134,0.0678370591051719,0.5417471826671865
0.30096356694681625,0.7081720886452816,0.7340582875615999
0.0673506014687717,0.5821704601762733,0.523212762185163
0.34588305695295674,0.6209155177674771,0.7351777597156393
0.04574203381251285,0.8715368061523763,0.5249527808312984
0.9734889691773969,0.9688778552856915,0.9883710426040594
0.7496518317429247,0.13008624013063197,0.6277954930954885
0.7582631959290226,0.02458691645880151,0.45092551350528653
0.022123551528997254,0.32361021914954125,0.3723706258983231
0.48864319040466575,0.7704074178077932,0.8225124138989356
0.6832953766065052,0.44590270637674834,0.7884419403895003
0.2736266662816659,0.9971245001577111,0.771225820654187
0.42618130223597295,0.4513870243296755,0.719165247307854
0.16362382119166918,0.7948095487499294,0.6650004226975896
0.6936822257814886,0.2207696127887604,0.6871000379519879
0.0823810456158427,0.6804993020747131,0.5619931172824489
0.6545112142811352,0.2732595269982093,0.708758827254029
0.9508635622504104,0.15105789178090023,0.6783476501311675
0.4323348010426019,0.9436159201675989,0.8358398847425907
0.4197273169261223,0.6385259476640855,0.7684739621523794
0.3975943979627943,0.27421520234867003,0.6419576180607115
0.9839776479598282,0.409334006315043,0.8337053949401103
0.8940992036791344,0.22995460589108618,0.7287953015978053
0.2131047040250833,0.03113408288451136,0.366746368954566
0.651666825375885,0.36852634372376114,0.7517939565655749
0.864358249839637,0.47320990669155716,0.8362757855021378
0.9681934279147217,0.18552551570312115,0.7093705517626289
0.8686231679556108,0.7765968527917417,0.9242839400268946
0.770921844644052,0.8447832281168877,0.9178064955555323
0.7610239909429989,0.6262203216314154,0.8622339142629408
0.13124487768238757,0.032526179491251916,0.3357863852745173
0.9208478478156868,0.616650314520738,0.8929874737965839
0.7965372909761763,0.4815223515125501,0.8255901689562387
0.11730818896239448,0.12518579220255044,0.42990913600517694
0.6855652872289714,0.4303058948994627,0.7833669106382434
0.20052472670033672,0.4915945467414369,0.62915115459711
0.06420893707513409,0.5819714019143988,0.5182024058021196
0.26899340443509767,0.7975591006371882,0.73502295303395
0.31036195892357377,0.4552201490818012,0.6761109851348068
0.011620539908100636,0.07244688779455888,0.24268850593063274
0.3924935564066848,0.4799388347171235,0.7161494864083666
0.6000205481193037,0.29166257870930323,0.705682531338903
0.6949818861265425,0.8601223971892046,0.9022081551320983
0.7798509888933498,0.039618825348357145,0.49886455112656813
0.48050694725782894,0.10493017841817487,0.5501992784368875
0.24204501586252747,0.9866625932671464,0.7509533543063746
0.14249554290151323,0.49888815345135606,0.5893331818608342
0.6181557343181191,0.702464970544104,0.846339313668392
0.5596486834869141,0.00977084741918366,0.35283328129168795
0.3264613082439919,0.5177116433847114,0.7007836000947164
0.08786649914483335,0.35062693120918076,0.49857869757845935
0.033203108791366565,0.07857849715502074,0.3042961750448838
0.39692327620159606,0.13271575404306035,0.5550419512401528
0.5675408482615582,0.6894649691372657,0.8288994777600124
0.8005866991090829,0.2001502442448101,0.6933506052200378
0.16748258225906976,0.10456784033440025,0.4453213914102321
0.6364302495436367,0.7064757264869012,0.8522551056049763
0.03158614482564204,0.9362122462436898,0.49450898621183276
0.05197128365147241,0.5412963353010705,0.4895980800986032
0.7090605194509164,0.8709691237460856,0.9081073960082788
0.7140869321324278,0.8017280830697918,0.8944491102392431
0.33945019254280606,0.8148251137465122,0.7733357601819334
0.08011484638467514,0.8948166560605276,0.5903226035465113
0.5475923761537362,0.8172977699624937,0.8514664521460027
0.45231828451830014,0.643577695196525,0.7812841712483856
0.5264026609361132,0.7315895217553319,0.8262607264687566
0.08162998203058958,0.0603520839905638,0.3455480085512218
0.24710323401014644,0.15954468011318834,0.5237839076912246
0.8717835665922017,0.21921398735804432,0.718216516149314
0.9758652558191313,0.33689579177110685,0.8005290352033916
0.18211791568869928,0.7896985071424791,0.6785202253483043
0.6587077755008761,0.498195716453139,0.8002368675780507
0.5553635509376312,0.7192017782722638,0.8323109822612745
0.22845474133129873,0.9963339160567419,0.7437740433382577
0.9747931621467831,0.6503256863469369,0.9128694566146601
0.19954245092914513,0.6802282424312913,0.6707149586830198
0.07219840897917584,0.030652502205806065,0.29444129008794473
0.2576828885112137,0.4626229567393163,0.6535255210192495
0.8682725054083805,0.727169069766308,0.912133254196525
0.742706521199981,0.42549333444807536,0.7942221586736867
0.3459349925469629,0.3710387629846027,0.6632583949461041
0.9876495637360578,0.04010919141248248,0.524287322750972
0.8670314961224486,0.5786754085723934,0.8711520846379819
0.43861541918959046,0.7252576604151365,0.7952711793848533
0.48666894142470285,0.8734232380816606,0.8427362487440565
0.9007018640112585,0.4217209268734554,0.8239886750626655
0.2768277972350516,0.5923503285933622,0.6965586121351252
0.912363345616691,0.21066218900566658,0.7190364132228637
0.6229665835634828,0.6315602200925206,0.8298047256423942
0.733113022415281,0.1315676851272598,0.6264177186160257
0.7158249646820886,0.909032520665641,0.9176503871771007
0.17968310887024197,0.23754332492387764,0.5321695446513999
0.9713950940416396,0.18097695270948977,0.7063237920360715
0.8543850933695791,0.4922778564480348,0.8409550689580968
0.24723107440317704,0.8707499012725114,0.73552814897692
0.4453052550026655,0.5148173539296902,0.7448386420643003
0.3592333693997657,0.5929508514349274,0.7339712922869153
0.16352387258502277,0.3910815366517607,0.5769918719344873
0.9694123223352875,0.25813343270112754,0.7580023612658316
0.6567366645412922,0.3251900642246949,0.7343544080916474
0.7734731256866006,0.13087366071834983,0.6324984940721492
0.9698210450785447,0.45378954138363925,0.8486120948934953
0.23605046334646396,0.07349674733001266,0.4444824268896146
0.16975790508754074,0.5197739485560177,0.6153594907334522
0.3370031764312863,0.8288833658826095,0.7748639992476295
0.43088752366180594,0.2487142725876299,0.6397538755847465
0.61714498660403,0.7067772168854458,0.847098571486165
0.16704190790094986,0.16761921628831766,0.4891362497967009
0.03667142693354297,0.7364020150656405,0.48561104442813546
0.6638045276218051,0.4746308757498139,0.7937417774569505
0.8441704489691971,0.8056701529500532,0.9258006556797138
0.5853543643967521,0.8682712805132586,0.8734033621804388
0.20584121003676825,0.11191961939772788,0.47042209334394613
0.2697496115169896,0.05708685608931485,0.4340096548284914
0.531169528001032,0.9366056922949615,0.8696770089800141
0.03934354066850965,0.1221099140100268,0.34381504202591695
0.4521990282834353,0.9338750175279049,0.8416347845637616
0.3161561049767505,0.5072348086883924,0.6934611321835101
0.0415728590503921,0.14834320096208886,0.36142276808249296
0.9866301229588469,0.9651186964360455,0.9902549453449542
0.004939980934409616,0.951811785423239,0.34233812694165017
0.6391199378155004,0.8679182945200221,0.8888167731809751
0.4547398556338591,0.5155960285792502,0.7481945090508398
0.4888465802569202,0.6668642575461043,0.7991752111178563
0.1396512547563129,0.029973589872677953,0.33446965371850185
0.3079299415911909,0.7046807627366467,0.7366969419177928
0.20185345212294836,0.6734324333249173,0.6709127449098171
0.9699120461072704,0.09390071578941839,0.6192702990312327
0.6726021182251263,0.44375021930457115,0.7851983210152181
0.8681422543775054,0.1771497894473859,0.68767986262835
0.6926259522261645,0.8381152896481102,0.8969340364735314
0.9446142194740232,0.6832480282896458,0.9161499730873229
0.4971747640084273,0.6178472402012138,0.7897289113390403
0.8689049844787182,0.5706097466388297,0.8690850811776984
0.03038705969683686,0.9309486955069778,0.49014309111213594
0.6895267510315611,0.6765133857772465,0.858549822551273
0.21567515239771717,0.6588854702326572,0.676896095255292
0.3938644056541585,0.6512329770414921,0.7617572981214464
0.10659303030799072,0.657845304603036,0.5877200645402901
0.9994137257706666,0.04821203886055603,0.5452305243586436
0.9771741842213173,0.4069079607228706,0.8315600836738523
0.8707534503372591,0.7823854840582735,0.9261113305778913
0.5670162609866678,0.7384492092513265,0.8402010669916409
0.8785155613013479,0.404140321651033,0.8129359476587068
0.3270331615632387,0.6675933855635847,0.7375997546673757
0.8078459419412586,0.7622851347766157,0.9075889500663117
0.7978136488586345,0.435583314812933,0.8094584098019153
0.8178342161750216,0.12020905537060844,0.6288115238523939
0.5444890979608495,0.0057586604981215705,0.3156909505540098
0.3245858299002703,0.3664615348713979,0.6532382256997891
0.3961726916092554,0.6954672066898622,0.7727379448164495
0.38855810127034573,0.44869362262253065,0.7051494524613319
0.23754413087432746,0.3732517916293401,0.6159553633234608
0.22726962726315147,0.07319592376844364,0.44076353666930623
0.6034485933813779,0.6682127985550163,0.8338943163403637
0.6194903460096145,0.46349404380057235,0.7791404288797723
0.3797857801792298,0.8633336495718252,0.8000985321989709
0.519081785136218,0.47918187762973097,0.7570895206607701
0.025642065806435688,0.34124782762615635,0.38761857546906303
0.38019561878585706,0.3988227808969005,0.685736731478809
0.5801723692273323,0.5336025467268785,0.7909608485471413
0.6079050927934446,0.7648832615421283,0.8579978266544057
0.8129857387160935,0.7181230762264944,0.89795869887485
0.9555236959549347,0.01823258267636163,0.44485444112211864
0.1957779856835461,0.00756287497814212,0.27170032342677874
0.647474714154603,0.8980305489499869,0.897227930562773
0.24348229657629927,0.9270345447963066,0.7425277031126327
0.06026739028956085,0.9344360268055143,0.5625050062952092
0.3516226872396344,0.10142082844921652,0.5133822020687874
0.48587175918632564,0.25677656772050794,0.6595009253729971
0.28487290196192283,0.3072899649262866,0.6143840090384585
0.8030258978326634,0.5391612766752545,0.8458427845714612
0.31130769915600365,0.6103337833109184,0.7173836167998496
0.7161506742231936,0.27262400073353377,0.7212962899658453
0.4135491015253515,0.12188609333694755,0.5501691671571558
0.18114934953468032,0.6811178539649828,0.6580392651145202
0.18143834769562694,0.5251633836670602,0.6248916248107521
0.7090462617224327,0.10687692309474384,0.5969139145812612
0.5673122196289035,0.25656278370136376,0.6801475835743874
0.9629268752375798,0.4835456467199247,0.8582348724834643
0.8059925497751581,0.5502265421562618,0.8499130794978136
0.043412532854819164,0.6331513755940223,0.4873315581885925
0.951403342206657,0.6016118201463312,0.8944090946921411
0.8191888594267902,0.8842064633484078,0.9375351182406525
0.22807977194893247,0.21204483990822665,0.5456358482258437
0.6109809888509917,0.4110284698067047,0.7585425027644794
0.8398613028667203,0.9000231233980112,0.9455668709009882
0.3534213793027181,0.23687055897448206,0.6089207596112888
0.7805255152438618,0.2748060355481361,0.7349921053672598
0.8226143185136784,0.42373825364876283,0.8099510773118148
0.6675498992914705,0.09553531383466818,0.5766728881619839
0.623859324676573,0.4517676787372291,0.7762477698432025
0.5866084631754741,0.16801420774486342,0.6291277859160107
0.7368737449441821,0.8627970775432285,0.9133986168576655
0.21673980009077565,0.09571455552016173,0.4606629994973317
0.023638586046336396,0.641971500443266,0.4327404065902389
0.6070940360887808,0.54669741271407,0.8020484373598843
0.23194709611597542,0.39090599590551467,0.618717292577803
0.594476335186173,0.4967668588591694,0.7835332612573901
0.9877855202148873,0.13643975255673313,0.6697623272884334
0.6951445540475938,0.4043187681042921,0.7758179171669813
0.42819961492561476,0.7175977656581762,0.7897787967863904
0.6924361513243696,0.9912559937021883,0.9274982781231569
0.12839428945412523,0.10410964938416634,0.42189787545553237
0.7243388171287412,0.5783869170064091,0.8402955121306567
0.27416066655980587,0.0794193689889866,0.46514281396694057
0.08565824959643054,0.8941908746641183,0.5981910153844933
0.1918673247187429,0.32337156211552076,0.5735094375204851
0.22665640222698802,0.3549963058319373,0.604113255153087
0.06942384274609337,0.5190597909082704,0.5144524114756454
0.0676125635922149,0.8003565078223616,0.5580359481826422
0.23371208191043302,0.5400119146045106,0.6610235028901592
0.8800790875614583,0.6508773690471942,0.894549082405947
0.5329577865513353,0.3243337531153756,0.703942185005341
0.33300191305819793,0.6694869551981901,0.7406921971045093
0.9941393612211675,0.6618391898493786,0.9196867927357918
0.5577834173700249,0.7306505102392461,0.8356704744528778
0.46520561228371815,0.060142342600785215,0.4890632810503406
0.5622968158779098,0.9576252845053802,0.883552267406918
0.17530294235765964,0.6900048908206657,0.6554329566764041
0.20093368865905648,0.5358276844730813,0.6403472976309255
0.09667644964671962,0.45037093625818514,0.5342914320948909
0.7561633288952461,0.3475715242389821,0.7654766720169073
0.664911724487218,0.7954499607897292,0.8803905477867544
0.9271778194794527,0.23464208185545354,0.7370785747080519
0.39931591580930814,0.15241601333041743,0.5713068662589108
0.9924835021583752,0.9270009679242953,0.9834690492356988
0.5399571302805596,0.8420332943764213,0.8541570089263788
0.5209579772720422,0.6235856880027597,0.798619235437319
0.08912443211601662,0.7552704204968079,0.5829346225598945
0.12771348363523483,0.8260676302525284,0.6377500056967094
0.7820280876703859,0.7087446977429764,0.8886739196570352
0.036160380524762115,0.3031283559453286,0.40548230929595697
0.26311256991084286,0.3601364074715191,0.6241970687842952
0.08764274676383854,0.9369578230310628,0.6065787675278056
0.5538022407123763,0.30552431065802355,0.7009387928436691
0.3969815170742834,0.44720254050483565,0.7077093116087411
0.6005943333606173,0.5156794276964978,0.7910286389758865
0.9193919732144173,0.49696348290583026,0.8549978784901994
0.9921580148233127,0.8514249577450957,0.966819595933634
0.2085105143573358,0.9305952146439163,0.7204067193675194
0.11636639788547609,0.8174497084911916,0.6246801801232609
0.3806232934765801,0.8779743204450695,0.8031477282657153
0.8680566901074503,0.8059254001176211,0.931040528580184
0.7900304363070614,0.3046791390980408,0.7521376148727035
0.08091928305125218,0.40298017876516146,0.5042746565718552
0.17352451498650867,0.6949510889024617,0.6550327524348902
0.34609972653778553,0.9756102008599149,0.8048139912490216
0.640972077345332,0.822480563634361,0.8798182188727299
0.13252467274184843,0.8620144822726226,0.6479809832871994
0.9227571905133943,0.4870619188189359,0.8521858577468293
0.6062529377509774,0.7648098009029954,0.8575144758204714
0.17483862726041255,0.5025660764634424,0.614845659684876
0.3986630277723131,0.1463739921622491,0.5665183423576067
0.36753442229153144,0.06817230938549357,0.4783890223567691
0.025811906949486985,0.13516628915482276,0.3225059239182027
0.9631151115891738,0.549529535895017,0.880509097226945
0.96582216115322,0.432497878330132,0.8398006946055977
0.3118161330852596,0.5061418628402441,0.6912484462322731
0.4395116886329101,0.10566468426174391,0.5412277525421039
0.6408263146902062,0.2160381825095996,0.6733706305060845
0.6195879548978296,0.6502010923981534,0.8337390290875665
0.1520248531286481,0.06134962711066816,0.3925954879301169
0.7807615860684398,0.4598004237693202,0.8147372277602425
0.05816379550547579,0.9948663171697671,0.5655662605209634
0.05778056099636664,0.6950352288585532,0.5257238920596881
0.9836789252634136,0.23918010421592562,0.7487135338283367
0.14224936868719618,0.1213849394224289,0.4440614070648012
0.30327514756759555,0.10104581101064669,0.4980478014724888
0.6921613416941319,0.06229179813006269,0.5332460430108596
0.5094221281497897,0.9966968538529768,0.873229057123071
0.8139702695060188,0.6152194382310109,0.8708186433010143
0.30625362078661167,0.6238958362916385,0.7181888591048129
0.5270414639116516,0.4260833838903715,0.7417676285857709
0.13071037674019947,0.8866042152404667,0.6498422914664574
0.4497846488213225,0.19462251182076507,0.6143834953999056
0.3677593508772896,0.41412975252892703,0.6863411394860568
0.8275378955668743,0.733614380561402,0.9050053473666227
0.7693048936413398,0.011031264428647214,0.38525187229360264
0.4161539981797615,0.4813441516353236,0.7250065900758657
0.019192276823056686,0.2598132087450342,0.34638377831089634
0.760289823122135,0.13710970572899905,0.6362231611931284
0.5353101314525917,0.2152018720172375,0.649068154359937
0.012120774643893273,0.24120145759954148,0.31130210755611065
0.9758737549100538,0.8015371118829896,0.9520581052980851
0.9595766443210334,0.48785404392636245,0.8591597355100115
0.1097361986775035,0.547959488973693,0.5699275785164097
0.4543773345599609,0.844357082739616,0.8256358877096412
0.09808258078424459,0.4882411370217782,0.5445593893518419
0.15004866469398426,0.32467592689006,0.5464324030547907
0.7373570773877997,0.47601812936876653,0.8110736069176923
0.37588828514576933,0.3944762785700353,0.6826780458412594
0.45944676840598664,0.7850165438370569,0.8154978156798296
0.8920846889402344,0.9553346865039283,0.9685283251070214
0.7869033862552951,0.31540689574801273,0.7567606118350629
0.6881347060865421,0.4376031240553919,0.7865942640715874
0.2546706220460512,0.8408715794259226,0.734753569554425
0.038426348962324997,0.9017619921354235,0.5104394238390276
0.46147746462473416,0.6372014768082804,0.7828624350258852
0.6593539222057827,0.8951177407065364,0.899911396416897
0.6366696821672073,0.6139335847600618,0.8287186493698416
0.06665204056068996,0.5184080219452041,0.5101489917313469
0.15016900081704165,0.7374337687214856,0.6439626255751576
0.5122219208126745,0.6802277792083533,0.8098834138058356
0.041672900602384266,0.08479201604580322,0.3233268255176533
0.7163233880626823,0.07208433599867337,0.5528279686100163
0.0712567277652586,0.01210847523488745,0.24388386363924075
0.9565013982994801,0.737508359459007,0.9325894782527245
0.35325140850206416,0.2965355812876552,0.6368426528532002
0.34970322974584955,0.7746535311811819,0.7701253685687345
0.6613706110704144,0.18519556786746794,0.6570752308045206
0.17410933533408435,0.09839564971339732,0.44336314698841184
0.6603027197013381,0.7643726622217359,0.8721870747897503
0.265046428325004,0.020944961030912812,0.353899788078347
0.08217166747642735,0.9678600348450305,0.602707965813905
0.29544477747742026,0.7692231478381336,0.7435423889215634
0.6246635688542638,0.3819396396528959,0.7508067742135799
0.2056872621955551,0.12138641815940643,0.47805239555647594
0.6150129680388666,0.774633780637788,0.8621764201466598
0.6439042535411307,0.5303021332491583,0.8066199026217564
0.041951223431636264,0.9684887775943838,0.5269481021349569
0.7987141916545746,0.29282203670096474,0.7478233675672555
0.9799703293588506,0.6018815896363221,0.8997975311246705
0.5824226582072465,0.7480731794295321,0.846908456334348
0.8117697880901376,0.6564786073315027,0.8817200009768698
0.12809574636620003,0.3382675059944984,0.5337759448651211
0.9280836403260497,0.22461561184385193,0.7308115645991927
0.3721670238375133,0.432076882944196,0.6938407201468122
0.4394049896944522,0.6129395824945255,0.7692305616415546
0.9430758377447076,0.24069271183250496,0.7433646616998802
0.12150137630091806,0.19747048985993731,0.47426020008076053
0.8869249002092695,0.645810812655206,0.8945372540117594
0.28590678923916013,0.8159469389686173,0.7474416200849644
0.861369996363436,0.846514338690278,0.938782125052622
0.9189265336395545,0.2522410201733616,0.7464819333153588
0.7550419287462783,0.46053949727414,0.8095572945933889
0.8419985528900615,0.7284906771616132,0.9068742459488347
0.7764474464997246,0.6561618376810715,0.8738252841154064
0.17742876946970687,0.5450269188969383,0.6267414220173347
0.9846697395245082,0.9373880664971189,0.9841062780916218
0.04317373579701167,0.16481481572943713,0.3719145556845497
0.1317287734545619,0.7259799099852955,0.6253469703566009
0.8177853298569451,0.2135113663106719,0.7053620062606591
0.505852692951829,0.8407030280112,0.8428170944261488
0.7328015447662506,0.5422372054918483,0.8314480859835925
0.5903476904587729,0.50836054691628,0.7860604422414975
0.2975484513188206,0.5650219928590161,0.7000428260266838
0.6888853020500907,0.8733229158608077,0.9033672771749625
0.6362913539792481,0.761121537043158,0.8650117496518968
0.160071634954573,0.4615574744197899,0.5938927639448207
0.009331619827093296,0.24667886452162302,0.29676849589204607
0.7264617151130048,0.9918099513493635,0.9365441137600747
0.0991780995872159,0.40149431586128825,0.5248304649420974
0.8000709686991595,0.20403563462889884,0.6959321611273487
0.5550849493022862,0.7330712960296748,0.8354128157521198
0.615985450260179,0.18802473461541613,0.64976615742557
0.3553845686857394,0.7837917844853972,0.7744258741288754
0.5542265141320166,0.005229613542912737,0.3107644838622487
0.7609907600280938,0.03531135494023907,0.4851306940733451
0.7457337827312321,0.2024805601652374,0.6851622553389181
0.9580734801193802,0.3679407513020845,0.8117743824069448
0.3269316163380791,0.14888805033244468,0.5463404460653817
0.3056042154902149,0.8766507618282006,0.7684174010380832
0.9963343376272473,0.36830953050684834,0.8183208392604375
0.44861063095454257,0.722070938202737,0.7981598643480847
0.8861957804650745,0.5930443341867842,0.8792722516888876
0.39152569817782934,0.41262184084862374,0.6944844035757413
0.6956181464968069,0.0032182636042786816,0.2951199056187052
0.6195893374598407,0.3554930104413574,0.7389022692340242
0.7941973312770843,0.09299063982313216,0.59384558477682
0.5882022669483905,0.48097288988612374,0.7768362057440928
0.6423255259052274,0.06485359448296835,0.5295876472862453
0.5799837874281313,0.5614845879595237,0.799007284416653
0.5606600944161709,0.6034876665964548,0.8051440891071325
0.6764679372263622,0.8049889996807698,0.8855384695357803
0.26982072012821434,0.8250494101800621,0.7404761093382464
0.4982556822634536,0.07705827913433116,0.5210199024858267
0.0585509292439792,0.3342383186960608,0.4553213407456857
0.7848969771114676,0.7076809347409158,0.8890578694128265
0.7886149646724064,0.5172690564416094,0.8358268199450568
0.44019899795549056,0.14745252670628395,0.5787090229215537
0.32819275360931155,0.43401936617387527,0.6772166377213503
0.08860042967961723,0.22061195271121126,0.4552112361341639
0.5982252940637388,0.7356631142391898,0.8486111830523185
0.9983475113929496,0.9331133313435577,0.9859235190913032
0.6425651995351915,0.421248053294072,0.7700005255405673
0.6361773647082327,0.785651618080232,0.8704857066590924
0.11833619092338732,0.40990488969628824,0.5459591349388225
0.8398022856356172,0.383832951933044,0.7973772886219823
0.5718722712271865,0.5877693608621982,0.8040835854452941
0.18447625313363936,0.3622354416522884,0.5820848310406636
0.33451128874193214,0.026196708532064794,0.38773187141275195
0.024191763891355245,0.8316970436757735,0.4578535001537035
0.2730708099728124,0.5180787662388154,0.6762919442139776
0.29872557358877305,0.9406792451153405,0.7757875276062037
0.25929675886577375,0.4296568127389351,0.6447387280852834
0.8727302504846018,0.8419335667918086,0.9402245155634004
0.18610141784627732,0.8026433097957104,0.6836824856005327
0.45818688673789265,0.4829688720853552,0.7395922630049488
0.13347997241594378,0.08060151375712465,0.4039725551771088
0.7279393069737652,0.49646115235529975,0.8158232694185212
0.43685070261517955,0.7295082286523967,0.7955594644025912
0.7655128989911097,0.15890816766935356,0.6561751007297107
0.6102251494776413,0.13535408227768553,0.6072846337438733
0.7513750860290457,0.6569551562671395,0.8683173988783445
0.956614621083458,0.06895801635642118,0.5805830531556626
0.05705472115125432,0.28218707469320015,0.4378907194076902
