0.3745401188473625,0.9507143064099162,0.7319939418114051,0.5986584841970366,6.4086270469463456
0.15601864044243652,0.15599452033620265,0.05808361216819946,0.8661761457749352,816.6845349737767
0.6011150117432088,0.7080725777960455,0.020584494295802447,0.9699098521619943,117.67740366853351
0.8324426408004217,0.21233911067827616,0.18182496720710062,0.18340450985343382,169.64933400833795
0.3042422429595377,0.5247564316322378,0.43194501864211576,0.2912291401980419,49.791982428086214
0.6118528947223795,0.13949386065204183,0.29214464853521815,0.3663618432936917,109.46863836152963
0.45606998421703593,0.7851759613930136,0.19967378215835974,0.5142344384136116,27.196894220875258
0.5924145688620425,0.046450412719997725,0.6075448519014384,0.17052412368729153,350.76844784364073
0.06505159298527952,0.9488855372533332,0.9656320330745594,0.8083973481164611,20.753516387009814
0.3046137691733707,0.09767211400638387,0.6842330265121569,0.4401524937396013,111.6021810910726
0.12203823484477883,0.4951769101112702,0.034388521115218396,0.9093204020787821,529.1919906271617
0.2587799816000169,0.662522284353982,0.31171107608941095,0.5200680211778108,35.979609654793634
0.5467102793432796,0.18485445552552704,0.9695846277645586,0.7751328233611146,13.165913228898075
0.9394989415641891,0.8948273504276488,0.5978999788110851,0.9218742350231168,2.158063600537519
0.0884925020519195,0.1959828624191452,0.045227288910538066,0.32533033076326434,3918.774910855038
0.388677289689482,0.2713490317738959,0.8287375091519293,0.3567533266935893,32.069894466923465
0.28093450968738076,0.5426960831582485,0.14092422497476265,0.8021969807540397,58.019174319782046
0.07455064367977082,0.9868869366005173,0.7722447692966574,0.1987156815341724,88.57151765083958
0.005522117123602399,0.8154614284548342,0.7068573438476171,0.7290071680409873,430.95050068569304
0.7712703466859457,0.07404465173409036,0.3584657285442726,0.11586905952512971,421.58441556880484
0.8631034258755935,0.6232981268275579,0.3308980248526492,0.06355835028602363,88.38418199105645
0.3109823217156622,0.32518332202674705,0.7296061783380641,0.6375574713552131,21.258283404571657
0.8872127425763265,0.4722149251619493,0.1195942459383017,0.713244787222995,27.98231418576263
0.7607850486168974,0.5612771975694962,0.770967179954561,0.49379559636439074,6.151450432834779
0.5227328293819941,0.42754101835854963,0.02541912674409519,0.10789142699330445,1631.5292820505779
0.03142918568673425,0.6364104112637804,0.3143559810763267,0.5085706911647028,312.7206349852504
0.907566473926093,0.24929222914887494,0.41038292303562973,0.7555511385430487,14.254752122275509
0.22879816549162246,0.07697990982879299,0.289751452913768,0.16122128725400442,1215.4079066364136
0.9296976523425731,0.808120379564417,0.6334037565104235,0.8714605901877177,2.4113142903562323
0.8036720768991145,0.18657005888603584,0.8925589984899778,0.5393422419156507,13.854083577182896
0.8074401551640625,0.8960912999234932,0.3180034749718639,0.11005192452767676,39.4918872180923
0.22793516254194168,0.4271077886262563,0.8180147659224931,0.8607305832563434,14.58890862459286
0.006952130531190703,0.5107473025775657,0.417411003148779,0.22210781047073025,3037.723750016875
0.1198653673336828,0.33761517140362796,0.9429097039125192,0.32320293202075523,81.08470254592808
0.5187906217433661,0.7030189588951778,0.363629602379294,0.9717820827209607,7.759124628321882
0.9624472949421112,0.25178229582536416,0.49724850589238545,0.30087830981676966,27.582491112141646
0.2848404943774676,0.036886947354532795,0.6095643339798968,0.5026790232288615,310.6098633222575
0.05147875124998935,0.27864646423661144,0.9082658859666537,0.23956189066697242,320.39647208218685
0.1448948720912231,0.489452760277563,0.9856504541106007,0.2420552715115004,59.10153090966766
0.6721355474058786,0.7616196153287176,0.23763754399239967,0.7282163486118596,11.288325782381843
0.3677831327192532,0.6323058305935795,0.6335297107608947,0.5357746840747585,12.668693523376946
0.0902897700544083,0.835302495589238,0.32078006497173583,0.18651851039985423,221.6094953170785
0.040775141554763916,0.5908929431882418,0.6775643618422824,0.016587828927856152,3692.7985470733656
0.512093058299281,0.22649577519793795,0.6451727904094499,0.17436642900499144,76.63939878568378
0.690937738102466,0.3867353463005374,0.9367299887367345,0.13752094414599325,29.05119153899326
0.3410663510502585,0.11347352124058907,0.9246936182785628,0.877339353380981,31.84939028063341
0.2579416277151556,0.659984046034179,0.8172222002012158,0.5552008115994623,12.946574605889614
0.5296505783560065,0.24185229090045168,0.09310276780589921,0.8972157579533268,93.4546378705048
0.9004180571633305,0.6331014572732679,0.3390297910487007,0.3492095746126609,14.816938774793075
0.7259556788702394,0.8971102599525771,0.8870864242651173,0.7798755458576239,2.2194881667553723
0.6420316461542878,0.08413996499504883,0.16162871409461377,0.8985541885270792,127.46133036229132
0.6064290596595899,0.009197051616629648,0.1014715428660321,0.6635017691080558,2663.084966176903
0.005061583846218687,0.16080805141749865,0.5487337893665861,0.6918951976926933,3235.964550409948
0.6519612595026005,0.22426930946055978,0.7121792213475359,0.23724908749680007,40.477577677277125
0.3253996981592677,0.7464914051180241,0.6496328990472147,0.8492234104941779,7.4622204367108145
0.6576128923003434,0.5683086033354716,0.09367476782809248,0.3677158030594335,77.68023495873895
0.26520236768172545,0.24398964337908358,0.9730105547524456,0.3930977246667604,40.40481562589581
0.8920465551771133,0.6311386259972629,0.7948113035416484,0.5026370931051921,4.445996839058322
0.5769038846263591,0.4925176938188639,0.1952429877980445,0.7224521152615053,24.951128187726447
0.2807723624408558,0.02431596643145384,0.6454722959071678,0.17711067940704894,1281.2437291012393
0.9404585843529143,0.9539285770025874,0.9148643902204485,0.3701587002554444,3.2915448768300832
0.015456616528867428,0.9283185625877254,0.42818414831731433,0.9666548190436696,168.37845770136926
0.9636199770892528,0.8530094554673601,0.2944488920695857,0.38509772860192526,10.729005754670572
0.8511366715168569,0.31692200515627766,0.1694927466860925,0.5568012624583502,39.28230591140077
0.936154774160781,0.696029796674973,0.570061170089365,0.09717649377076854,27.703958407351053
0.6150072266991697,0.9900538501042633,0.14008401523652403,0.5183296523637367,22.61863165035762
0.8773730719279554,0.7407686177542044,0.697015740995268,0.7024840839871093,3.1423463292771907
0.35949115121975517,0.29359184426449336,0.8093611554785136,0.8101133946791808,14.45039232049624
0.8670723185801037,0.9132405525564713,0.5113423988609378,0.5015162946871996,4.924505622478249
0.7982951789667752,0.6499639307777652,0.7019668772577033,0.795792669436101,3.4500920514843054
0.8900053418175663,0.3379951568515358,0.375582952639944,0.093981939840869,94.17738617106816
0.578280140996174,0.035942273796742086,0.46559801813246016,0.5426446347075766,190.42744357477423
0.2865412521282844,0.5908332605690108,0.03050024993904943,0.03734818874921442,5185.312881141511
0.8226005606596583,0.3601906414112629,0.12706051265188478,0.5222432600548044,50.86219834358373
0.7699935530986108,0.21582102749684318,0.6228904758190003,0.085347464993768,113.19228800890114
0.0516817211686077,0.531354631568148,0.5406351216101065,0.6374299014982066,105.66760720465669
0.7260913337226615,0.9758520794625346,0.5163003483011953,0.32295647294124596,8.464052400227041
0.7951861947687037,0.2708322512620742,0.4389714207056361,0.07845638134226596,134.82370855871255
0.02535074341545751,0.9626484146779251,0.8359801205122058,0.695974206093698,70.42915957931186
0.4089529444142699,0.17329432007084578,0.15643704267108605,0.25024289816459533,360.4466335228716
0.5492266647061205,0.7145959227000623,0.6601973767177313,0.27993389694594284,13.786644208289749
0.9548652806631941,0.7378969166957685,0.5543540525114007,0.6117207462343522,4.185253473477782
0.4196000624277899,0.24773098950115746,0.3559726786512616,0.7578461104643691,35.660417703506525
0.014393488629755868,0.11607264050691624,0.04600264202175275,0.040728802318970136,319462.32836883166
0.8554605840110072,0.7036578593800237,0.4741738290873252,0.09783416065100148,35.8104970816422
0.49161587511683236,0.4734717707805657,0.17320186991001518,0.43385164923797304,57.17236815245789
0.39850473439737344,0.6158500980522165,0.6350936508676438,0.04530400977204452,141.61755313730305
0.3746126146264712,0.6258599157142364,0.5031362585800877,0.8564898411883223,9.897662322744095
0.658693631618945,0.1629344270814297,0.07056874740042984,0.6424192782063156,205.52880808877484
0.026511310541621813,0.5857755812734633,0.9402302414249576,0.575474177875879,119.00836335067034
0.3881699262065219,0.6432882184423532,0.45825289049151663,0.5456167893159349,16.01694110909256
0.9414648087765252,0.38610263780077425,0.9611905638239142,0.9053506419560637,3.1613081268339895
0.19579113478929644,0.06936130087516545,0.10077800137742665,0.018221825651549728,40098.86855365472
0.0944429607559284,0.6830067734163568,0.07118864846022899,0.3189756302937613,682.711382529838
0.8448753109694546,0.023271935735825866,0.8144684825889358,0.28185477477339993,221.5517537847299
0.11816482762165625,0.6967371653641506,0.628942846779884,0.877472013527053,22.008900199156788
0.7350710438038858,0.8034809303848486,0.2820345725713065,0.17743954377972282,33.83314345978038
0.7506147516408583,0.806834739267264,0.9905051420006733,0.4126176769114265,4.040115227198577
0.37201808579278317,0.7764129607419968,0.34080354025301784,0.9307573256035647,10.914468935296725
0.8584127518430118,0.42899402737501835,0.7508710677914974,0.7545428740846823,4.792954443422319
0.10312386883593261,0.9025529066795667,0.5052523724478571,0.8264574661077416,25.72996907046092
0.32004960103061175,0.8955232284962005,0.3892016787341631,0.01083765148029836,827.1722742466228
0.9053819764192637,0.09128667678613356,0.31931363759041487,0.9500619670508049,39.88332505588718
0.9506071469375561,0.5734378881232861,0.6318372121697993,0.44844552197831977,6.474371994828244
0.29321077169806453,0.32866454536991596,0.6725184560770384,0.75237452943768,20.50826543873606
0.7915790437258485,0.7896181427945539,0.09120610304869037,0.49442030470258147,35.47875696054601
0.057558760016644284,0.5495288823237355,0.441530501373377,0.8877041827582998,80.66201573265467
0.3509150125520787,0.11706701642760586,0.14299168205283586,0.7615106317174722,223.55107145466076
0.6182180633162611,0.10112267612279024,0.08410680611499743,0.70096913145912,271.3186957414606
0.07276300636419353,0.8218600592903562,0.7062422271564962,0.08134878064189976,291.06283936870665
0.08483771408519192,0.9866395785011755,0.3742707957561203,0.3706421470668909,86.12153567858793
0.8127995672575026,0.9472485773838587,0.9860010638228709,0.7533781852589416,1.7484859641878199
0.37625958553091576,0.08350071669866876,0.7771469159274368,0.558404249735805,73.3449777954786
0.4242220092469763,0.906354385094736,0.11119748230615134,0.49262510429085915,47.478530542293356
0.011353644767419069,0.46866064199412627,0.05630327568183735,0.11881791626807192,28092.514951169494
0.11752624677710488,0.6492103021160636,0.7460448792654233,0.5833687650971596,30.114218967767844
0.9621725484745419,0.37487057952370406,0.28571208628186073,0.8685991281894603,11.171659202949632
0.22359583851945264,0.9632225394406113,0.012154474689816341,0.969878826707639,393.87278610014647
0.04315991195057611,0.8911431136980711,0.5277011090862999,0.9929647961193003,49.6192431927277
0.07379656473539886,0.5538542844013208,0.969302535619099,0.5230978441701488,48.25319289420443
0.6293986381352625,0.6957486889846172,0.45454106476777323,0.6275580800840634,8.005615983089951
0.5843143119231002,0.901158010490989,0.04544638034145787,0.2809631895922303,148.73179019670442
0.9504114840765587,0.8902637838909163,0.45565675278571294,0.6201325978015367,4.182608793891071
0.2773811829811327,0.1881211597237613,0.46369840493998216,0.3533522280260528,116.96122830991462
0.5836561118508721,0.07773463696498484,0.9743948076661665,0.9862107444796029,22.936317770160123
0.6981617140197451,0.5360963663441204,0.30952761628632774,0.8137950197069487,10.606856085507257
0.6847311725538793,0.1626169393448913,0.9109271844938425,0.822537242923169,11.98601684226426
0.949799913291924,0.72571950838836,0.6134151959357899,0.4182430362906189,5.654781487611722
0.9327284833540133,0.8660638895004084,0.04521867010618941,0.026366974497252005,1038.2853948308773
0.3764633668780496,0.8105533307818329,0.9872761293149445,0.15041689110352818,22.0678710926731
0.5941307153521351,0.3808908566310215,0.9699143978146032,0.8421189231357087,5.410166299325103
0.8383287047111379,0.4686931597949703,0.4148195023376652,0.27340707193070624,22.44027309102885
0.056375496650927115,0.8647223762550532,0.8129010091300776,0.9997176732861306,25.241658651529423
0.9966368370739054,0.5554317056026274,0.7689874151805105,0.944765729882428,2.4865032659241533
0.8496473906774115,0.24734810174319766,0.4505441353100935,0.12915941515149498,81.76911164886194
0.9540510272587224,0.60617463445088,0.22864280550346272,0.6717006844058567,11.258934849870428
0.6181282404578958,0.3581627180328405,0.11355759219962902,0.6715731955927996,59.2286055329445
0.5203077009037933,0.7723183917356393,0.5201635011119934,0.8521815003185401,5.61398685947776
0.5519068387744855,0.5609379715353863,0.876653602658345,0.40348286621239704,9.132007629376181
0.13401522845064073,0.028782676313338973,0.755137255673619,0.6203095513534647,553.4524440682095
0.7040797680992236,0.21296416150891073,0.13637147558676976,0.014544665667881929,3362.3609086476517
0.350587558806597,0.5899176868546331,0.3922440450997323,0.43747492202372906,28.177506645286456
0.9041586944937484,0.34825546702330035,0.5139894891598108,0.7836530127411431,7.884594245925948
0.39654278232127016,0.6220867002278735,0.8623637087467452,0.9495206236576421,4.950672075294781
0.14707348092903794,0.9265876251614944,0.4921162930795382,0.25824438829895835,57.740494089224114
0.4591357562382613,0.980032575285477,0.4926180939928696,0.3287516102875082,13.722717550187609
0.6334008543167258,0.24014561877819307,0.07586332810866392,0.12887972191064923,672.4038724363272
0.12804583895777244,0.15190269351229435,0.13882717264941014,0.6408747448032146,577.8583841263983
0.18188008439914483,0.3456672833238632,0.8967884099060118,0.47396164026287235,37.42168992603374
0.6675577385210272,0.17231987120162984,0.19228901880867078,0.04086861626647886,1106.1942252838837
0.16893506307216455,0.2785903390319586,0.17701048427674682,0.08870253375705561,1353.253422433528
0.12063587110060081,0.46077876803272577,0.2063337184057925,0.36426986104807546,239.35231443912917
0.5034172708548569,0.6903948286293653,0.039312139841098936,0.7994103989090426,91.5541177708471
0.6279003894909078,0.08175903194887191,0.8735786241067772,0.9208724005318132,24.214307395349287
0.06107795985486375,0.2768776481472037,0.8062012797930613,0.7482596903836584,98.02384806477059
0.18452101935637732,0.2093493233367103,0.370472102791382,0.4845229851910213,144.2157519321477
0.618254771530296,0.3689136395697724,0.4625347161331479,0.7474709381337565,12.681457312462845
0.0366832028905979,0.25243694434402075,0.7133495858845524,0.8952068376871993,169.1040595150663
0.5116774421156661,0.5321134852653157,0.10717201133977605,0.44741236682345464,76.59670682776833
0.5326172664550232,0.24247050363472966,0.26924323094938096,0.37728416310462265,76.22764012893987
0.02007119777772637,0.3220791655831783,0.21144800699654465,0.32749735217791465,2233.8432134163936
0.11976213181925122,0.890527280739895,0.5935924535540487,0.6791023191444896,23.25999778237857
0.7891712386073383,0.4984421989290573,0.08692028808742369,0.5371065418185478,54.45432119290761
0.5868411180208791,0.74543947418433,0.4316595462296794,0.12758030279556376,41.5089835757464
0.28377590579872447,0.3630822963986351,0.6459172413316012,0.5707783046689119,26.3254057365611
0.35609672589784624,0.9865152487929797,0.6057748193568872,0.23722679173599448,19.808576385200524
0.10178247262040374,0.15285913918433203,0.24595772838450813,0.16068137325955567,1626.3334153088251
0.18656702405130576,0.2850951686938471,0.17337359529475482,0.8967654246264252,120.92426251733676
0.08023374566164221,0.5245113895702547,0.4103968269896615,0.9823786169086064,58.939319093421034
0.11203890216805235,0.39785559904574164,0.9694704332753689,0.8655071258939803,26.73624822168551
0.8170720709492799,0.25790282704493983,0.17088758739006582,0.668643219924431,41.53159094501713
0.9293759891275858,0.5567628930139298,0.5716126894698998,0.2799790936602842,12.075657994010548
0.7694929331919369,0.18704374855752337,0.3236792364042437,0.4254364386164168,50.45481769146015
0.507610378684455,0.24240973241508024,0.11483682473920354,0.6106200424416326,115.89567357759569
0.28863055324025577,0.5812382214226123,0.1543627152742023,0.4811401018548175,80.25822820033595
0.5325894325515859,0.05182353682242691,0.3366042781939206,0.13441467693897424,800.7815929209087
0.06337497047276774,0.9899602323899452,0.32235384497472297,0.8098744458546349,61.05397303036504
0.25464065476376385,0.6815027222239293,0.7602278598896866,0.5956387406078443,12.725590533169282
0.47157618855015837,0.41184091414726853,0.3488682665429953,0.9295291442478258,15.877940288176582
0.8306194077877291,0.9650269106665126,0.12429722348554473,0.7308674752036443,13.732779228876954
0.9383404568210378,0.18123306616566015,0.0664962673667775,0.741120649290059,119.32074021430388
0.5744731131799119,0.8418287767582721,0.1397723766262895,0.7952673118598902,18.602531282433677
0.20162732004774453,0.1636559428657045,0.16426579793099294,0.8145747202313821,226.4856894475973
0.6651972206962001,0.5230654247691193,0.3588304841235025,0.8772005408131083,9.13072659240058
0.3924451074226354,0.8165994394715771,0.4391349085702184,0.3769444294249076,18.851100619844626
0.46267978566960644,0.3013778741641421,0.7476093801762511,0.5027203900924792,19.081251991301894
0.2322126951468173,0.8995745732745685,0.3838912213732114,0.5435528611139886,22.941768988786826
0.9064721109645469,0.6242379959139921,0.11689804070836407,0.9398321236134751,16.08562115728549
0.6277080530714179,0.3349056146570861,0.13927207266338726,0.794025189270296,43.015160950791376
0.6200727559285135,0.5334610919763215,0.8938925830509576,0.7885972112245307,4.288585071317056
0.15167487973275118,0.31172206779554823,0.24848913981446574,0.743946292572677,114.4115306343203
0.03353243473577938,0.5698896848713165,0.7624586857406905,0.8767656367617495,78.27882165740336
0.34208174871590746,0.8212573046720129,0.11063173695520723,0.8464522917345182,38.010942192483384
0.12748866233198242,0.39728729056036727,0.7972953657795536,0.14991742734877378,165.1780759492264
0.22925139523264149,0.7222525683930663,0.7200365365460744,0.6411476328852973,13.082367359698285
0.6939484444671,0.5427244433475962,0.25179905890695276,0.34569599350391944,30.503169123260307
0.18159771680142567,0.9084505613336283,0.5833917947661205,0.4008514167636399,25.920571876073648
0.4620058036441327,0.9472833396118153,0.1533514031160802,0.5862298320167972,25.416573459908523
0.505888678884466,0.6114542354346478,0.01811018382084051,0.8721239089441515,204.68217848650957
0.9321182824836124,0.5651331835892089,0.6966508238768923,0.9224993811772957,2.953907735691015
0.7072386343133986,0.15253904291426135,0.5762883601668132,0.6067150463828559,26.511139363726848
0.424130671302386,0.7364442356247228,0.9343670147690148,0.9255685129067763,3.7019826805685967
0.4508393714041321,0.11323804584075525,0.9848411989623346,0.8388980864459341,23.708844397648694
0.12466268120326685,0.9208418826173723,0.8698963620621283,0.5188380571260721,19.300969907899876
0.5912754357449292,0.39900270387013026,0.05476163882203133,0.3351972416459009,230.91782154818324
0.8028534485980114,0.004632023004602859,0.3334991716911442,0.3981686935909433,2025.028526074646
0.5373956029379229,0.9198556164127605,0.34634599436596125,0.3469532018962277,16.83469133482488
0.7375012481097484,0.45221794088980716,0.22460482293998196,0.4524395161326934,29.505966522341026
0.14085702037979986,0.1763869865062233,0.49836777273947974,0.4189254495045479,192.78279265117033
0.9148459010681,0.3623938991166331,0.5805883502780435,0.6322642879195304,8.216828187767778
0.013094456588333636,0.6635373720167106,0.17803596686975143,0.9610703174694551,672.6423690995663
0.14866272775311296,0.41462412372702373,0.08534966807864386,0.9968742518459474,190.67823391255968
0.5021950103312426,0.5953850173200438,0.06707647738842748,0.7499604703991778,66.48460384136466
0.20990559309558576,0.8980542894407137,0.20513964048200717,0.19068772066366657,135.61292398011986
0.03654966784809488,0.47206694510999925,0.5648411332626164,0.06570863942835237,1561.5798036370911
0.7755276166950106,0.4532888347480276,0.52439026932758,0.44076274693822814,12.307453544842845
0.400763060875326,0.5596403313082179,0.1552402459307125,0.18192813049527112,157.86982635621612
0.8617856210135173,0.9461154621336327,0.37330931627975295,0.27074467314355377,12.134667123786658
0.6439995432390158,0.4087341710980964,0.02538635566034486,0.15615259736619036,958.3495004114109
0.7159722288473975,0.6589239419101514,0.02709599250348349,0.22197216193294944,352.4235807825667
0.2310747965880714,0.6718927435987284,0.019710537754364155,0.10410858198457384,3138.791483224193
0.7999160853731894,0.1785446620543336,0.6527461078518747,0.23818278104672652,45.03540229587484
0.09944139275934516,0.24317219099945409,0.7222669318556592,0.8556964681062857,66.91160120657182
0.8302198645669916,0.3971835296184548,0.6680851365706462,0.20498429541582097,22.14436592755905
0.29314773026101326,0.8963358185211198,0.013001923510736035,0.08550853085446808,3423.1478784019687
0.20788625514602732,0.026532203873819715,0.18143543508979731,0.5830415609696922,1713.875513944561
0.42142455059249795,0.8926717110769748,0.8174435617384409,0.34181735169787597,9.513416546550014
0.2594234334312925,0.3796924081672669,0.5902949425148077,0.26806364082287626,64.15816133775778
0.624148907849134,0.4094116521912404,0.5520471808519802,0.4361265291353167,16.254098402047227
0.29446575954191767,0.9484533069621567,0.7636057941597608,0.14011317576645255,33.46578762307478
0.8684679758979128,0.48743119824951364,0.8945522268940914,0.7998552559473152,3.3015339241199664
0.42521350446923345,0.022469308320117398,0.2686773593849461,0.5416342146608669,719.2271704709977
0.6334782198261473,0.2578876854332023,0.13935607407282413,0.8349302367992991,52.60919008319466
0.9844021807035521,0.5256901823026858,0.1716792858483035,0.27230732651936895,41.335228451208295
0.018390676547466733,0.914298806560499,0.11775108289014113,0.5765164755142536,876.0673767314624
0.274055220687206,0.5541780025157934,0.6514203883518642,0.8297418037072016,12.181711760217942
0.2064212717606032,0.010995828658480478,0.13688563006880727,0.9000186418481051,3576.088206833411
0.8738900775625152,0.5974131021703083,0.6005168604336534,0.6650366745462555,4.7962040050109085
0.1753712786234496,0.9144119459249598,0.4187705248920731,0.38313852824949746,38.86580859554504
0.5189177052828375,0.046965966775055046,0.1662833687560794,0.7380336164263704,334.3438094324799
0.08279866792512647,0.6031521094663882,0.24534910968132095,0.38929561404197655,209.64562411448924
0.28869373677069987,0.35567271646494913,0.7190459051842455,0.297121715623175,45.584907166204516
0.5664046402968972,0.47605040219909966,0.6636711653626481,0.936829739324758,5.964947737699224
0.7325720972102503,0.21494037859075676,0.031183135061284672,0.2622640442998251,776.5565511176524
0.5950779307002548,0.05142581348425035,0.49636624720123634,0.5968428489168892,110.3018378913032
0.3342438908169608,0.7709122037458219,0.1065982531337718,0.07513778173580876,484.5327580389755
0.7281887562036033,0.49549131620619846,0.688402396427736,0.4348273386037462,9.258929317449065
0.2464020332391068,0.8191023176741997,0.7994158789689793,0.6946964708544268,8.921742715403722
0.2721451372299627,0.5902306668690871,0.3609738969400268,0.09158207332663415,188.31780416856
0.9173135754622428,0.1368186309189614,0.9502373538208024,0.44600577295795574,18.800281854897314
0.18513292883861965,0.5419009473783581,0.8729458358764083,0.7322248864095612,15.594255119989443
0.8065611478614497,0.6587833667107174,0.6922765645178525,0.8491956515653193,3.2013465162826527
0.24966800885918594,0.4894249636431405,0.22120944181960223,0.987668007996647,37.45728872473256
0.9440593396866133,0.0394268113685059,0.7055751725156885,0.9252483174156658,41.1535644793753
0.18057534512733353,0.5679452305526295,0.9154882975880418,0.03394597858579884,313.75738698116004
0.6974202672468399,0.29734900737255077,0.9243961953765304,0.9710582451653678,5.3719939326830035
0.9442664891134339,0.47421421665746377,0.8620426509893134,0.8445493985350704,3.0674468199778016
0.31910047324325563,0.8289154741506773,0.03700763471549262,0.596269878482053,171.32790527818642
0.23000883728770305,0.12056688577727881,0.07695320162920916,0.6962887758781398,672.9942386661435
0.33987496376806614,0.7247667715287615,0.06535634079894237,0.31529033783061033,197.00813564066627
0.5394912923753372,0.7907231648389635,0.3187525029320699,0.6258913764370091,11.750017870864063
0.8859777482361871,0.6158631881823046,0.23295947475363377,0.02440078155653802,322.4102379648814
0.8700988739009299,0.021269410850387138,0.8747016726841994,0.528937134027212,116.79168340307274
0.9390676985128962,0.7987832357736654,0.9979341105333375,0.35071181545171015,3.809095761822218
0.7671882889311269,0.40193091360924216,0.47987562030390885,0.6275054632183701,10.769621178273281
0.8736771141863388,0.9840834691992951,0.7682734138645182,0.41776678216733376,3.623826480487777
0.4213570022770702,0.7375823015888915,0.23877714576830233,0.11047411313139466,121.97926632759638
0.35462215764077654,0.28723899165408173,0.2963081204559901,0.23360775104990994,141.82733308184743
0.04209318963636188,0.01787393473341381,0.9877223897360315,0.42777313373586234,3145.716588660066
0.3843266471596817,0.6796472826930698,0.21825388786506417,0.9499611839502253,18.46494715641955
0.786345014415552,0.08941100231225951,0.41758077578492836,0.8791183075621647,38.744323110642476
0.9447320222914103,0.4674015112498697,0.6134113892107077,0.16703394609207523,22.10266671111946
0.9911686261369765,0.2316717013834434,0.9427317741351257,0.6496466489923685,7.110728840929732
0.6077367948788591,0.5126885110165086,0.2306698117177587,0.17652803200550826,78.81818736069529
0.22048620907017535,0.18643826214425452,0.7795844735667533,0.3501252591667301,89.12445746493194
0.05784267656339637,0.9691026301408113,0.8837858849634257,0.927752283195213,21.75718747242092
0.9949078226464353,0.1738952492194873,0.39624201890265875,0.7582384757040913,19.238140449642565
0.6960206180537922,0.15389590633985506,0.8158331249906178,0.22444057183666066,50.98566946226364
0.22381761482262308,0.5369744228934136,0.5929399348417032,0.5800862078378112,24.190725629804806
0.09148683739775487,0.8774608626303804,0.26560004258870606,0.12951492128280417,362.1309835904449
0.8887480798689772,0.9556514982297534,0.8621276172654506,0.8095160747248781,1.6870375338904093
0.6552419806390217,0.5508573706091393,0.08698675991141014,0.4084532130706987,77.97648414410459
0.372688517012314,0.2597537837603262,0.7234201136885849,0.4958757350787708,28.795768194417857
0.08104621590764793,0.22018320194981134,0.6832587636595959,0.07613085949030018,1077.3011690510928
0.8512069140487687,0.4951465270139743,0.480586577326648,0.5924077846595176,8.333716578977487
0.8246809659251492,0.34780920790219305,0.6780161525590636,0.5657319639957911,9.089127512846867
0.2670282701694213,0.878629986355158,0.7974260216069281,0.6584518346584255,8.117500444283131
0.8505817290942419,0.8672942009598024,0.7083629767150348,0.837013328363672,2.2862792771167837
0.6974714616692836,0.6801407717603004,0.6186113782151843,0.7527166395576412,4.5271546172598915
0.1586051052930737,0.8808707591989284,0.871843527745232,0.029247283034559146,280.7026857507493
0.8258167505647627,0.1288698674734452,0.3351188542591419,0.7435082562916078,37.71206140703105
0.1607598960483082,0.8179670241190622,0.8321341779577419,0.5074677337608362,18.008796635573677
0.00638587171683358,0.2870381331749128,0.6169269183757422,0.9811861780274235,901.2703239877732
0.6318135270166684,0.2598035810641598,0.6340057030996114,0.5399853797158555,17.794704535394867
0.7798453951511436,0.10698063882695841,0.761027902502028,0.5412665786761103,29.098761779204576
0.9629920038589946,0.3418721660386861,0.6326218931339481,0.9320281055100175,5.151578821864522
0.10250972799067926,0.9372284872364511,0.6878857223008134,0.0678370591051719,223.05200474883657
0.30096356694681625,0.7081720886452816,0.0673506014687717,0.5821704601762733,119.66182582339646
0.34588305695295674,0.6209155177674771,0.04574203381251285,0.8715368061523763,116.79842711603187
0.9734889691773969,0.9688778552856915,0.7496518317429247,0.13008624013063197,10.871988076516653
0.7582631959290226,0.02458691645880151,0.022123551528997254,0.32361021914954125,7492.019233711602
0.48864319040466575,0.7704074178077932,0.6832953766065052,0.44590270637674834,8.71844642029957
0.2736266662816659,0.9971245001577111,0.42618130223597295,0.4513870243296755,19.052357879025553
0.16362382119166918,0.7948095487499294,0.6936822257814886,0.2207696127887604,50.21003574746631
0.0823810456158427,0.6804993020747131,0.6545112142811352,0.2732595269982093,99.73615275657998
0.9508635622504104,0.15105789178090023,0.4323348010426019,0.9436159201675989,17.06565337575697
0.4197273169261223,0.6385259476640855,0.3975943979627943,0.27421520234867003,34.22334298280867
0.9839776479598282,0.409334006315043,0.8940992036791344,0.22995460589108618,12.075611156567483
0.2131047040250833,0.03113408288451136,0.651666825375885,0.36852634372376114,627.5910408906159
0.864358249839637,0.47320990669155716,0.9681934279147217,0.18552551570312115,13.610892775613694
0.8686231679556108,0.7765968527917417,0.770921844644052,0.8447832281168877,2.27623622267854
0.7610239909429989,0.6262203216314154,0.13124487768238757,0.032526179491251916,491.5402414144793
0.9208478478156868,0.616650314520738,0.7965372909761763,0.4815223515125501,4.5914578450684225
0.11730818896239448,0.12518579220255044,0.6855652872289714,0.4303058948994627,230.82907582177637
0.20052472670033672,0.4915945467414369,0.06420893707513409,0.5819714019143988,271.473777289107
0.26899340443509767,0.7975591006371882,0.31036195892357377,0.4552201490818012,32.991763661660656
0.011620539908100636,0.07244688779455888,0.3924935564066848,0.4799388347171235,6305.732392538861
0.6000205481193037,0.29166257870930323,0.6949818861265425,0.8601223971892046,9.559153232788004
0.7798509888933498,0.039618825348357145,0.48050694725782894,0.10493017841817487,641.9285555259214
0.24204501586252747,0.9866625932671464,0.14249554290151323,0.49888815345135606,58.9020921458845
0.6181557343181191,0.702464970544104,0.5596486834869141,0.00977084741918366,421.1431172442705
0.3264613082439919,0.5177116433847114,0.08786649914483335,0.35062693120918076,192.04887040720735
0.033203108791366565,0.07857849715502074,0.39692327620159606,0.13271575404306035,7275.929575490604
0.5675408482615582,0.6894649691372657,0.8005866991090829,0.2001502442448101,15.948732541231932
0.16748258225906976,0.10456784033440025,0.6364302495436367,0.7064757264869012,126.99427850131384
0.03158614482564204,0.9362122462436898,0.05197128365147241,0.5412963353010705,1202.0721336146962
0.7090605194509164,0.8709691237460856,0.7140869321324278,0.8017280830697918,2.828366952971474
0.33945019254280606,0.8148251137465122,0.08011484638467514,0.8948166560605276,50.432729207756424
0.5475923761537362,0.8172977699624937,0.45231828451830014,0.643577695196525,7.675685376928394
0.5264026609361132,0.7315895217553319,0.08162998203058958,0.0603520839905638,527.0750703589686
0.24710323401014644,0.15954468011318834,0.8717835665922017,0.21921398735804432,132.7279244897755
0.9758652558191313,0.33689579177110685,0.18211791568869928,0.7896985071424791,21.149522650659414
0.6587077755008761,0.498195716453139,0.5553635509376312,0.7192017782722638,7.629201670935954
0.22845474133129873,0.9963339160567419,0.9747931621467831,0.6503256863469369,6.93029190934067
0.19954245092914513,0.6802282424312913,0.07219840897917584,0.030652502205806065,3329.020570348369
0.2576828885112137,0.4626229567393163,0.8682725054083805,0.727169069766308,13.286047267235917
0.742706521199981,0.42549333444807536,0.3459349925469629,0.3710387629846027,24.653366028489568
0.9876495637360578,0.04010919141248248,0.8670314961224486,0.5786754085723934,50.3133593911265
0.43861541918959046,0.7252576604151365,0.48666894142470285,0.8734232380816606,7.3954636528959705
0.9007018640112585,0.4217209268734554,0.2768277972350516,0.5923503285933622,16.054820540956054
0.912363345616691,0.21066218900566658,0.6229665835634828,0.6315602200925206,13.22409801414477
0.733113022415281,0.1315676851272598,0.7158249646820886,0.909032520665641,15.932853816606936
0.17968310887024197,0.23754332492387764,0.9713950940416396,0.18097695270948977,133.26949092353038
0.8543850933695791,0.4922778564480348,0.24723107440317704,0.8707499012725114,11.044334369719122
0.4453052550026655,0.5148173539296902,0.3592333693997657,0.5929508514349274,20.47828736179933
0.16352387258502277,0.3910815366517607,0.9694123223352875,0.25813343270112754,62.48830303582242
0.6567366645412922,0.3251900642246949,0.7734731256866006,0.13087366071834983,46.25663008739278
0.9698210450785447,0.45378954138363925,0.23605046334646396,0.07349674733001266,130.97274715851805
0.16975790508754074,0.5197739485560177,0.3370031764312863,0.8288833658826095,40.57215404008259
0.43088752366180594,0.2487142725876299,0.61714498660403,0.7067772168854458,21.392701222548883
0.16704190790094986,0.16761921628831766,0.03667142693354297,0.7364020150656405,1322.5374388194803
0.6638045276218051,0.4746308757498139,0.8441704489691971,0.8056701529500532,4.6667698455584805
0.5853543643967521,0.8682712805132586,0.20584121003676825,0.11191961939772788,85.40575812087795
0.2697496115169896,0.05708685608931485,0.531169528001032,0.9366056922949615,130.5308303116393
0.03934354066850965,0.1221099140100268,0.4521990282834353,0.9338750175279049,492.8982215603784
0.3161561049767505,0.5072348086883924,0.0415728590503921,0.14834320096208886,1011.1412769277565
0.9866301229588469,0.9651186964360455,0.004939980934409616,0.951811785423239,223.351333364602
0.6391199378155004,0.8679182945200221,0.4547398556338591,0.5155960285792502,7.688935331279471
0.4888465802569202,0.6668642575461043,0.1396512547563129,0.029973589872677953,732.835290393888
0.3079299415911909,0.7046807627366467,0.20185345212294836,0.6734324333249173,33.90201055640393
0.9699120461072704,0.09390071578941839,0.6726021182251263,0.44375021930457115,36.78764039667829
0.8681422543775054,0.1771497894473859,0.6926259522261645,0.8381152896481102,11.20123583080749
0.9446142194740232,0.6832480282896458,0.4971747640084273,0.6178472402012138,5.044021705023829
0.8689049844787182,0.5706097466388297,0.03038705969683686,0.9309486955069778,71.29746670656995
0.6895267510315611,0.6765133857772465,0.21567515239771717,0.6588854702326572,15.085594921748385
0.3938644056541585,0.6512329770414921,0.10659303030799072,0.657845304603036,55.598655980800466
0.9994137257706666,0.04821203886055603,0.9771741842213173,0.4069079607228706,52.19525468188809
0.8707534503372591,0.7823854840582735,0.5670162609866678,0.7384492092513265,3.505644460173665
0.8785155613013479,0.404140321651033,0.3270331615632387,0.6675933855635847,12.900737564476586
0.8078459419412586,0.7622851347766157,0.7978136488586345,0.435583314812933,4.672844231021364
0.8178342161750216,0.12020905537060844,0.5444890979608495,0.0057586604981215705,3244.0450396909105
0.3245858299002703,0.3664615348713979,0.3961726916092554,0.6954672066898622,30.51271515136109
0.38855810127034573,0.44869362262253065,0.23754413087432746,0.3732517916293401,64.69160547362205
0.22726962726315147,0.07319592376844364,0.6034485933813779,0.6682127985550163,149.07905641358033
0.6194903460096145,0.46349404380057235,0.3797857801792298,0.8633336495718252,10.621942135169466
0.519081785136218,0.47918187762973097,0.025642065806435688,0.34124782762615635,459.45281824406317
0.38019561878585706,0.3988227808969005,0.5801723692273323,0.5336025467268785,21.3028642240769
0.6079050927934446,0.7648832615421283,0.8129857387160935,0.7181230762264944,3.683725422141322
0.9555236959549347,0.01823258267636163,0.1957779856835461,0.00756287497814212,38766.765740271956
0.647474714154603,0.8980305489499869,0.24348229657629927,0.9270345447963066,7.61943501634032
0.06026739028956085,0.9344360268055143,0.3516226872396344,0.10142082844921652,497.9250750535413
0.48587175918632564,0.25677656772050794,0.28487290196192283,0.3072899649262866,91.56372158155341
0.8030258978326634,0.5391612766752545,0.31130769915600365,0.6103337833109184,12.156106154564847
0.7161506742231936,0.27262400073353377,0.4135491015253515,0.12188609333694755,101.61323293752687
0.18114934953468032,0.6811178539649828,0.18143834769562694,0.5251633836670602,85.05844453471488
0.7090462617224327,0.10687692309474384,0.5673122196289035,0.25656278370136376,90.66208214777187
0.9629268752375798,0.4835456467199247,0.8059925497751581,0.5502265421562618,4.842801302052815
0.043412532854819164,0.6331513755940223,0.951403342206657,0.6016118201463312,63.561814578180005
0.8191888594267902,0.8842064633484078,0.22807977194893247,0.21204483990822665,28.546166784204274
0.6109809888509917,0.4110284698067047,0.8398613028667203,0.9000231233980112,5.267919865069031
0.3534213793027181,0.23687055897448206,0.7805255152438618,0.2748060355481361,55.69070632698883
0.8226143185136784,0.42373825364876283,0.6675498992914705,0.09553531383466818,44.98403347229648
0.623859324676573,0.4517676787372291,0.5866084631754741,0.16801420774486342,36.000111004615185
0.7368737449441821,0.8627970775432285,0.21673980009077565,0.09571455552016173,75.81961878487596
0.023638586046336396,0.641971500443266,0.6070940360887808,0.54669741271407,198.54537320849045
0.23194709611597542,0.39090599590551467,0.594476335186173,0.4967668588591694,37.34664063078573
0.9877855202148873,0.13643975255673313,0.6951445540475938,0.4043187681042921,26.399602953382395
0.42819961492561476,0.7175977656581762,0.6924361513243696,0.9912559937021883,4.741405396220027
0.12839428945412523,0.10410964938416634,0.7243388171287412,0.5783869170064091,178.56777515484018
0.27416066655980587,0.0794193689889866,0.08565824959643054,0.8941908746641183,599.6101717269505
0.1918673247187429,0.32337156211552076,0.22665640222698802,0.3549963058319373,200.31124525698672
0.06942384274609337,0.5190597909082704,0.0676125635922149,0.8003565078223616,512.8177867162409
0.23371208191043302,0.5400119146045106,0.8800790875614583,0.6508773690471942,13.832307054972445
0.5329577865513353,0.3243337531153756,0.33300191305819793,0.6694869551981901,25.949332620343483
0.9941393612211675,0.6618391898493786,0.5577834173700249,0.7306505102392461,3.7292797276156087
0.46520561228371815,0.060142342600785215,0.5622968158779098,0.9576252845053802,66.37636811955164
0.17530294235765964,0.6900048908206657,0.20093368865905648,0.5358276844730813,76.78576581927652
0.09667644964671962,0.45037093625818514,0.7561633288952461,0.3475715242389821,87.38746682035446
0.664911724487218,0.7954499607897292,0.9271778194794527,0.23464208185545354,8.690688971428196
0.39931591580930814,0.15241601333041743,0.9924835021583752,0.9270009679242953,17.858677627119853
0.5399571302805596,0.8420332943764213,0.5209579772720422,0.6235856880027597,6.770373433364228
0.08912443211601662,0.7552704204968079,0.12771348363523483,0.8260676302525284,140.81482905830345
0.7820280876703859,0.7087446977429764,0.036160380524762115,0.3031283559453286,164.59940819035734
0.26311256991084286,0.3601364074715191,0.08764274676383854,0.9369578230310628,128.515453704768
0.5538022407123763,0.30552431065802355,0.3969815170742834,0.44720254050483565,33.29085655017105
0.6005943333606173,0.5156794276964978,0.9193919732144173,0.49696348290583026,7.066653189720058
0.9921580148233127,0.8514249577450957,0.2085105143573358,0.9305952146439163,6.100760891708747
0.11636639788547609,0.8174497084911916,0.3806232934765801,0.8779743204450695,31.458223190091147
0.8680566901074503,0.8059254001176211,0.7900304363070614,0.3046791390980408,5.938414734742637
0.08091928305125218,0.40298017876516146,0.17352451498650867,0.6949510889024617,254.3016684963198
0.34609972653778553,0.9756102008599149,0.640972077345332,0.822480563634361,5.617688535750825
0.13252467274184843,0.8620144822726226,0.9227571905133943,0.4870619188189359,19.476776642660774
0.6062529377509774,0.7648098009029954,0.17483862726041255,0.5025660764634424,24.544949399619533
0.3986630277723131,0.1463739921622491,0.36753442229153144,0.06817230938549357,683.9495921244376
0.025811906949486985,0.13516628915482276,0.9631151115891738,0.549529535895017,541.5546403771596
0.96582216115322,0.432497878330132,0.3118161330852596,0.5061418628402441,15.168687765692226
0.4395116886329101,0.10566468426174391,0.6408263146902062,0.2160381825095996,155.53525972127647
0.6195879548978296,0.6502010923981534,0.1520248531286481,0.06134962711066816,266.14776225740627
0.7807615860684398,0.4598004237693202,0.05816379550547579,0.9948663171697671,48.138741133357705
0.05778056099636664,0.6950352288585532,0.9836789252634136,0.23918010421592562,105.83590069106565
0.14224936868719618,0.1213849394224289,0.30327514756759555,0.10104581101064669,1889.8603339121944
0.6921613416941319,0.06229179813006269,0.5094221281497897,0.9966968538529768,45.67945352598081
0.8139702695060188,0.6152194382310109,0.30625362078661167,0.6238958362916385,10.451246463103955
0.5270414639116516,0.4260833838903715,0.13071037674019947,0.8866042152404667,38.42560904953247
0.4497846488213225,0.19462251182076507,0.3677593508772896,0.41412975252892703,75.0070596099036
0.8275378955668743,0.733614380561402,0.7693048936413398,0.011031264428647214,194.09774206873416
0.4161539981797615,0.4813441516353236,0.019192276823056686,0.2598132087450342,1001.1577264457255
0.760289823122135,0.13710970572899905,0.5353101314525917,0.2152018720172375,83.27240659096327
0.012120774643893273,0.24120145759954148,0.9758737549100538,0.8015371118829896,437.2928956229464
0.9595766443210334,0.48785404392636245,0.1097361986775035,0.547959488973693,35.52483405543657
0.4543773345599609,0.844357082739616,0.09808258078424459,0.4882411370217782,54.42907286728516
0.15004866469398426,0.32467592689006,0.7373570773877997,0.47601812936876653,58.48122074889478
0.37588828514576933,0.3944762785700353,0.45944676840598664,0.7850165438370569,18.698480085915442
0.8920846889402344,0.9553346865039283,0.7869033862552951,0.31540689574801273,4.727654926411234
0.6881347060865421,0.4376031240553919,0.2546706220460512,0.8408715794259226,15.50735043059029
0.038426348962324997,0.9017619921354235,0.46147746462473416,0.6372014768082804,98.14127130736321
0.6593539222057827,0.8951177407065364,0.6366696821672073,0.6139335847600618,4.334766217491689
0.06665204056068996,0.5184080219452041,0.15016900081704165,0.7374337687214856,261.3433926721596
0.5122219208126745,0.6802277792083533,0.041672900602384266,0.08479201604580322,812.229547634558
0.7163233880626823,0.07208433599867337,0.0712567277652586,0.01210847523488745,22445.776476710904
0.9565013982994801,0.737508359459007,0.35325140850206416,0.2965355812876552,13.532770897037603
0.34970322974584955,0.7746535311811819,0.6613706110704144,0.18519556786746794,30.13820415044654
0.17410933533408435,0.09839564971339732,0.6603027197013381,0.7643726622217359,115.65217706653598
0.265046428325004,0.020944961030912812,0.08217166747642735,0.9678600348450305,2264.9771753170453
0.29544477747742026,0.7692231478381336,0.6246635688542638,0.3819396396528959,18.442951563667478
0.2056872621955551,0.12138641815940643,0.6150129680388666,0.774633780637788,84.07014579832602
0.6439042535411307,0.5303021332491583,0.041951223431636264,0.9684887775943838,72.08022081336867
0.7987141916545746,0.29282203670096474,0.9799703293588506,0.6018815896363221,7.249046003336707
0.5824226582072465,0.7480731794295321,0.8117697880901376,0.6564786073315027,4.306894079928404
0.12809574636620003,0.3382675059944984,0.9280836403260497,0.22461561184385193,110.70773214470024
0.3721670238375133,0.432076882944196,0.4394049896944522,0.6129395824945255,23.08970726128147
0.9430758377447076,0.24069271183250496,0.12150137630091806,0.19747048985993731,183.61452815122803
0.8869249002092695,0.645810812655206,0.28590678923916013,0.8159469389686173,7.483787620010758
0.861369996363436,0.846514338690278,0.9189265336395545,0.2522410201733616,5.916698442050363
0.7550419287462783,0.46053949727414,0.8419985528900615,0.7284906771616132,4.688422102737125
0.7764474464997246,0.6561618376810715,0.17742876946970687,0.5450269188969383,20.297145852801087
0.9846697395245082,0.9373880664971189,0.04317373579701167,0.16481481572943713,152.25589246691024
0.1317287734545619,0.7259799099852955,0.8177853298569451,0.2135113663106719,59.88725870582217
0.505852692951829,0.8407030280112,0.7328015447662506,0.5422372054918483,5.917763877624893
0.5903476904587729,0.50836054691628,0.2975484513188206,0.5650219928590161,19.81970775378294
0.6888853020500907,0.8733229158608077,0.6362913539792481,0.761121537043158,3.4321652664271345
0.160071634954573,0.4615574744197899,0.009331619827093296,0.24667886452162302,5879.912360938807
0.7264617151130048,0.9918099513493635,0.0991780995872159,0.40149431586128825,34.854882531623154
0.8000709686991595,0.20403563462889884,0.5550849493022862,0.7330712960296748,15.054273375584014
0.615985450260179,0.18802473461541613,0.3553845686857394,0.7837917844853972,30.99668774459229
0.5542265141320166,0.005229613542912737,0.7609907600280938,0.03531135494023907,12839.536284496877
0.7457337827312321,0.2024805601652374,0.9580734801193802,0.3679407513020845,18.78694392199246
0.3269316163380791,0.14888805033244468,0.3056042154902149,0.8766507618282006,76.68267957543407
0.9963343376272473,0.36830953050684834,0.44861063095454257,0.722070938202737,8.412644131877409
0.8861957804650745,0.5930443341867842,0.39152569817782934,0.41262184084862374,11.777976300274071
0.6956181464968069,0.0032182636042786816,0.6195893374598407,0.3554930104413574,2028.0211587687093
0.7941973312770843,0.09299063982313216,0.5882022669483905,0.48097288988612374,47.861361507490585
0.6423255259052274,0.06485359448296835,0.5799837874281313,0.5614845879595237,73.7152043095245
0.5606600944161709,0.6034876665964548,0.6764679372263622,0.8049889996807698,5.427437019453752
0.26982072012821434,0.8250494101800621,0.4982556822634536,0.07705827913433116,116.99658313730166
0.0585509292439792,0.3342383186960608,0.7848969771114676,0.7076809347409158,91.99406671160922
0.7886149646724064,0.5172690564416094,0.44019899795549056,0.14745252670628395,37.76741133351442
0.32819275360931155,0.43401936617387527,0.08860042967961723,0.22061195271121126,359.16750439892877
0.5982252940637388,0.7356631142391898,0.9983475113929496,0.9331133313435577,2.4391590090685957
0.6425651995351915,0.421248053294072,0.6361773647082327,0.785651618080232,7.391569589163773
0.11833619092338732,0.40990488969628824,0.8398022856356172,0.383832951933044,63.95581047204811
0.5718722712271865,0.5877693608621982,0.18447625313363936,0.3622354416522884,44.520763969587726
0.33451128874193214,0.026196708532064794,0.024191763891355245,0.8316970436757735,5671.6549362403075
0.2730708099728124,0.5180787662388154,0.29872557358877305,0.9406792451153405,25.15445793596543
0.25929675886577375,0.4296568127389351,0.8727302504846018,0.8419335667918086,12.215840539271428
0.18610141784627732,0.8026433097957104,0.45818688673789265,0.4829688720853552,30.25282474908906
0.13347997241594378,0.08060151375712465,0.7279393069737652,0.49646115235529975,257.19365579775285
0.43685070261517955,0.7295082286523967,0.7655128989911097,0.15890816766935356,25.79514856575977
0.6102251494776413,0.13535408227768553,0.7513750860290457,0.6569551562671395,24.527089881257197
0.956614621083458,0.06895801635642118,0.05705472115125432,0.28218707469320015,941.5632968435955
0.26170568373590597,0.24697879907199982,0.9062545805210367,0.2495461998495061,68.41100890440198
0.271949726128631,0.7593982624179637,0.44973984245054,0.7767105569551812,13.86185027513648
0.06536615756438524,0.4875711936733843,0.03361360018328263,0.06265320345535452,14898.779513280611
0.906437453344411,0.13924537111759516,0.5324206822752171,0.41109560260070654,36.19792219129697
0.3473433262588427,0.8998333456872725,0.0218233967754895,0.6637896861755891,220.86459801361326
0.9633944342135504,0.5601681834618419,0.9368224620330918,0.05225787928602377,37.85021514906069
0.4187933190741614,0.26015779096205116,0.7308209649807298,0.9812970904972467,12.798288925431851
0.2565300624442478,0.6541746014740745,0.19809763275974013,0.5653302545716099,53.20917689306339
0.4639324866883362,0.9720053296315371,0.6085272726964666,0.3495063720868188,10.426569052794017
0.11409578488793337,0.15124682873493456,0.2253169299512351,0.250966661340298,1024.7885491101845
0.8506160578411378,0.5612227882825249,0.5233909113743664,0.11476887186921747,34.87231959769684
0.860139693349435,0.7228143032084837,0.06766836190000158,0.7078350972297687,33.58045034924582
0.5435382173426461,0.08172534574677826,0.45830064152865646,0.484696287130047,101.34282108987448
0.16577454016327575,0.9456981470002823,0.8499753714806619,0.6690223373291083,11.217153676327444
0.4622955610006072,0.4117655415845085,0.6509734671509542,0.5454318694069055,14.795392094421139
0.062273105881885615,0.5125026487703317,0.8064036172328395,0.45923987759695806,84.60797468976236
0.05195657755426841,0.7862781993840331,0.2013637821359744,0.2586208348880388,470.043834605074
0.1647063534322959,0.33021506487149754,0.756751505688635,0.5193858595039373,46.77882943232044
0.20488127415071256,0.8778300781520408,0.8795818549515292,0.8705784250460069,7.261111644381505
0.23879621138153928,0.4512393441809881,0.9849896561408751,0.7720124763099904,12.204208530289922
0.027167421225559818,0.06520459126049205,0.46393137681233276,0.9092202058615602,1338.2910765131962
0.5387017979527142,0.4978125080342902,0.10547369995663058,0.656780104724294,53.829655546741066
0.8221031606002255,0.38042000750756233,0.7756118509253275,0.9644766539008116,4.274390308710507
0.2037664591276891,0.5233296311947413,0.28713795808457554,0.7928544190338394,41.19152939029986
0.5775933658811575,0.6345824175503038,0.7979141596158941,0.3959704726624549,8.63516806735079
0.9150900684070432,0.53302886724614,0.157954822835348,0.6958991181688025,18.651177336432692
0.7932613504382544,0.31676167706752667,0.857179256998753,0.9061432547657664,5.123686589088838
0.2769044873778089,0.9835214727152221,0.14071152804875842,0.20201566840248997,129.17290484315632
0.18422483923802613,0.8939897100078704,0.6542925523249619,0.15210428322227287,61.01068106553821
0.440323418368349,0.615298025069802,0.08346408498938329,0.8824163684073387,50.115204052908865
0.8036035354415352,0.5052067735766382,0.9671266152591704,0.4177609792750997,6.096460844038471
0.9841103190364978,0.6679199988036271,0.6346712732539415,0.165954895295785,14.444178868727134
0.881927758304644,0.42748968792061515,0.16223340578247936,0.01260751997575904,1296.7952007195443
0.5597556836383826,0.5273996221226763,0.7193536223691586,0.8902580530178021,5.289362452286921
0.07940658464302952,0.7314964903403623,0.18741194409758222,0.858177053157164,107.04270436621124
0.8190635138616561,0.5407937549855444,0.7102427986233115,0.3143501131837484,10.111842394509624
0.47116789893281463,0.8216368977104717,0.4592651971732139,0.3577982653254418,15.719640333664865
0.4942124472502999,0.8282492524372184,0.33520804737087273,0.1737615931357438,41.94276354537371
0.7120140203307808,0.8259782127080818,0.10063747852353333,0.23987411275594472,70.43681896860704
0.1419719897609939,0.3479414115821666,0.45035097890541265,0.7488263369633065,60.02870690729523
0.6511475848816741,0.6209285674784312,0.3523749466096544,0.8414475530847599,8.341551775949217
0.47128716739816456,0.9791049380151545,0.6341421382957368,0.12626474156450274,27.065523876169575
0.676177562075434,0.325104015431699,0.6863271966860974,0.06964114816240574,95.1743193792205
0.1748814371759594,0.8557372589057863,0.2271795570235149,0.83704112524294,35.13984165661428
0.27927608845441043,0.6428819100587077,0.694150573509831,0.5126547531450529,15.651514443512248
0.3053106766967313,0.21264437637109612,0.03318935456242622,0.3039464012407238,1526.8919099178531
0.653162790531283,0.9383048184484827,0.871204482263052,0.7660647765353026,2.444832006091927
0.7884473432532987,0.6649849034759953,0.260286857566003,0.9071950307058299,8.07723311240419
0.670732311905834,0.56044063098044,0.11098946921348107,0.4470555438064254,53.61396157978439
0.4603582712019263,0.86456360952267,0.5466482201877885,0.38040054897040965,12.082533959309805
0.9768003285106593,0.11072059332631567,0.4225484283119446,0.04202467517140529,520.6968407622044
0.7399041207669304,0.9180765521991506,0.28003732955048943,0.8583416767991209,6.124484369317388
0.29221823046189777,0.9107701616439152,0.7539619035967839,0.8049067768414386,6.191400719684131
0.0180065556004545,0.962810357074026,0.7266709920703233,0.3047510953861333,260.4626776621218
0.8293946648588469,0.28152119841492995,0.872753839566128,0.11258039041193701,43.58862219475902
0.7036859774607958,0.5406984766449103,0.09653447019544081,0.24189382825883898,112.55343455157237
0.01240403627731479,0.46876796546450583,0.3012652607600004,0.5983574842977588,954.0458874642857
0.2972378077086172,0.2999191115069847,0.7431931987316034,0.04814283597835345,313.5150641278485
0.9028949951919872,0.8522638743911815,0.6678046832264065,0.5932215701073843,3.280365833472896
0.8923024981396522,0.18533017952871444,0.07896916219082861,0.2395101699095381,319.712970334993
0.7945782787001903,0.03467026672648332,0.5828068350834896,0.9954375161913099,62.57019199983385
0.8556960938375394,0.5214456890435895,0.06364090928664234,0.8313735143857098,42.35832792972302
0.5989785081772105,0.11493299705956683,0.0938572848233562,0.9096268194365924,170.14249039745772
0.6692002629380784,0.8292867993167555,0.8789789002822673,0.5717723520483222,3.5853994162781047
0.5174463517550413,0.4304274103209902,0.3169465877911193,0.43459596085871177,32.59590056743536
0.7738796557301564,0.6019234310151316,0.8925232899548461,0.4433800143791877,5.424873931201717
0.607089578718754,0.6313075530919887,0.5916971623063255,0.7026337730855163,6.275924775406005
0.23743346837480628,0.5123637775457907,0.10422480280834767,0.38451132764481255,205.11594570847163
0.4876670686212644,0.6522242595454725,0.9505310525862035,0.6006510665483559,5.506695476578628
0.7435939161765598,0.5062660594952028,0.6341040313763313,0.07093221613377343,59.05835094971076
0.254391580841847,0.3618530932051387,0.47249335500651357,0.045648745502383736,503.6634365406093
0.14002409755331768,0.2768143077913058,0.9715326909010507,0.33134700710305076,80.14348303239841
0.48204105811208253,0.19609771273839294,0.6107800710757683,0.2806832155159743,61.70809499651678
0.20699257843842678,0.5165726284459791,0.005505799160420821,0.0076640326492253275,221633.8668101677
0.21906880910185778,0.03672136250082114,0.10802575413069138,0.3388606493387516,3395.8791017326644
0.8025856795798129,0.5720486433693008,0.5126677259564164,0.29348882320812164,14.475983806580695
0.9317537194328164,0.39701504123719167,0.08709276679577149,0.6170665161178013,50.30114091726238
0.11383839347660141,0.3452231428016921,0.5074119387178089,0.8742225246851758,57.362578685153586
0.49354658034011867,0.7022587660316643,0.9928168389990704,0.13148911989798162,22.101193696049485
0.2747315255195195,0.3945760755976464,0.42182817853883137,0.41102107526554577,53.2060568937505
0.9076110025565549,0.7140326444668564,0.6079052140907037,0.3093727178627821,8.204730104232251
0.8237903842212947,0.9550605114849889,0.8211982825502265,0.0015651051914729042,988.9192445937748
0.636401370183407,0.051135381442100725,0.25760722033372185,0.059524700347771686,2003.9742870657813
0.6037954529493877,0.6865899134926068,0.11448763806590512,0.3838388830449795,54.89151029887611
0.456236508955542,0.3690530217609166,0.12102500048519305,0.4189477901874754,117.13487053504159
0.7511780478084181,0.07100766453325547,0.08018001408190345,0.3547712918359842,659.0787143767243
0.941725711618925,0.668572646722914,0.6786699566725648,0.36191999083786497,6.466298832099123
0.5936607912085384,0.010131184027743378,0.6360960464095422,0.9132869475762367,286.20122093316763
0.6125734683448192,0.873698593466345,0.7239730554660938,0.12055841640369025,21.4072185497893
0.9024533072858417,0.06644384435577488,0.5339674725477638,0.14213712379345766,219.73446554124254
0.011706610730904066,0.422034260127639,0.29504070765415624,0.486000493797603,1411.5701413937331
0.5771998867345508,0.04373907230894736,0.12300329512374564,0.5586423964504253,576.4392670699029
0.34316735317265823,0.729173487549448,0.6522916485919397,0.8456043629899068,7.245262622228922
0.6924928266692253,0.42993107739014813,0.6729666223944324,0.2753811742554185,18.124169273854733
0.3063134987782127,0.7889851599207933,0.4464195164015822,0.7983803405183525,11.609460080323302
0.8224223736682784,0.8575623376612838,0.9166352358412073,0.43098522051329624,3.589057851997393
0.31886681832113883,0.5821987465941139,0.3711724234376276,0.601074166800233,24.144356775300963
0.7055858626438246,0.6884050184921369,0.37455288702012135,0.16686020169875282,32.9412586164115
0.43052933846220753,0.14259414408190874,0.8900970351838083,0.3458774607378574,52.90977821473154
0.15445974722332378,0.025447759905750877,0.6458223862864843,0.6369023174547432,618.5135203132392
0.34060416658129167,0.071711888847651,0.409628894895232,0.3112174950633936,321.1473149287577
0.6771206397350094,0.6057792494526903,0.36459372819754,0.2178925542549901,30.687956627204933
0.9880359661555919,0.45400162119611487,0.688274235780237,0.14055296757836078,23.044554141774892
0.4855896996593978,0.027536719869465487,0.50545511791045,0.9640174071177023,153.47966879092212
0.3842067129858002,0.03899601257491159,0.03095579091934353,0.3879867599468695,5557.200156437746
0.16002493646319405,0.023352096328185912,0.7562136139501768,0.4585230088818907,771.7574629964495
0.2892447719726545,0.9000831830164807,0.11613896020052561,0.9559188289553192,34.598150621826484
0.3139667173773528,0.8884036723086812,0.6029428764794615,0.8267073597414875,7.1924701826130475
0.9840131632104643,0.2884054378187457,0.961135485407593,0.38948189490242036,9.412906855777736
0.3855119047369223,0.3403871042545057,0.5414076073475852,0.1541450431784871,91.31354228316755
0.5537114853580112,0.541704812410004,0.76190181260487,0.8336499619375856,5.248933042650676
0.44044135031242404,0.30233324935149375,0.25933489731709447,0.19462383670487193,148.78837880051444
0.05764758219902488,0.34244797883471334,0.27024769213078326,0.9664173858664074,193.9534759785039
0.5577088262500439,0.34727703903050755,0.580467600993696,0.1391967013456955,63.90126923294016
0.4440437492022029,0.6262343214210638,0.4888978317924514,0.40177880065432425,18.307634944585352
0.9938483888996982,0.880314762148927,0.6234059581594401,0.5693773611822828,3.220110190415637
0.620660479824584,0.20131210782243325,0.3951377432643186,0.03945953289089932,513.3050725006768
0.47554603748682667,0.5430245839576632,0.2277497361032096,0.9640288471655137,17.637621929746786
0.909454610937242,0.7221432354559059,0.5333866287653626,0.869969159647685,3.281327980662852
0.1306523438234629,0.790509794274885,0.1248208139668483,0.7942106625494054,97.6681172984849
0.27576756825135695,0.8770905810181889,0.9440420938253978,0.14879596940511564,29.432681898397593
0.4626756050653935,0.9809873781626851,0.4834074359731466,0.8635475225145451,5.277890912843708
0.5887315221313199,0.37532990791960186,0.2857835555258702,0.20322309108608727,77.92184914772113
0.7617981913776972,0.3865405068230279,0.5112754622007512,0.4923254800011819,13.49142389954306
0.5772790292331312,0.8655771456245522,0.9807393435834294,0.40758420857381694,5.006537696817621
0.8275189221063031,0.7645277946547177,0.5735289514555733,0.9560471436119331,2.882664725886941
0.20047451552840279,0.10926421030962141,0.8539619669554221,0.4391498166337483,121.73393522974594
0.8469688542070605,0.8930902051954149,0.06245759361907144,0.8834647629860607,23.958672635398546
0.4483190553694222,0.5104324890042322,0.6265925110932102,0.9263826067300868,7.528334365191261
0.01911609442976403,0.4768434683178171,0.6877220424305607,0.7227069576982285,220.72413043884862
0.692532431537108,0.13443512940812186,0.29939558837168123,0.35871552541701346,100.0118690976989
0.804437207679505,0.278759872414553,0.21070496386720317,0.9574480190380962,22.104852491810686
0.0088632851134689,0.9978208556819782,0.6768212988573956,0.8284692994491171,201.651875999497
0.29461939634619316,0.014315277667059978,0.73786951856153,0.8341445970006758,385.22811653140724
0.7404761319535191,0.1428502873008386,0.7534279222569691,0.768922782107641,16.318618053940106
0.6585405156700549,0.7661159327955862,0.8459214396777321,0.6136041142374584,3.8186047733943793
0.08860471396967906,0.48762780966721087,0.07764933467160506,0.40754303103243084,731.3807009481604
0.40710648912562764,0.06600984414024158,0.3488205339694793,0.11099809879131484,961.0935995808911
0.8082352100092222,0.9476880259644708,0.0723164752579386,0.9551152072917014,18.9018290183742
0.5225765993367452,0.2995656779538739,0.07686207527616351,0.5006242680704178,166.00989822265183
0.7945155444907487,0.7070864772666982,0.05022601146397376,0.07290183536790351,486.136148902371
0.4028732826326371,0.2952904940479433,0.23238432305604784,0.2810044989087136,128.72472320523008
0.8034827432968846,0.9292280536318539,0.4051026945275664,0.9061110021324971,3.648838132822301
0.32149570124788196,0.4764369863437916,0.22602899781599972,0.640476042175844,45.097483914369704
0.9789811151748089,0.6034930960433786,0.35781408411354887,0.6478174459905284,7.302024890752325
0.12292067846538757,0.8886590802653986,0.5030839507798364,0.44934974203964206,40.49625932707406
0.5858647884535192,0.6247838627894025,0.07177580622651303,0.6826172212234024,55.75932134382374
0.24193168031552958,0.7139526325065898,0.8225347943841967,0.8039585075525203,8.754874911667294
0.5525009674078891,0.5201698923107512,0.14287596133941172,0.7753461504031356,31.409928318692476
0.27140938044671437,0.49669542281794654,0.2842740929275167,0.13382836299969314,194.98425361022612
0.6295576968917366,0.05433203482290383,0.7486452341262,0.31758679526111666,122.9617373060663
0.00013469300448532007,0.5111291392372298,0.046851908527603126,0.27616955782089947,1122590.1510180258
0.7069764874557162,0.06268962162186587,0.8393384923560023,0.003819922658583108,7037.326013290011
0.24682386920190225,0.7409040561520714,0.3162701497293068,0.10189238806601353,169.68792009294089
0.3602339188004279,0.27039328638452553,0.8427119021605549,0.31334791758514313,38.87886271967662
0.7889324717760072,0.8918721448107347,0.43381741957652953,0.909943143854392,3.6002803855811747
0.37731805396319285,0.9640784164901082,0.08928952452557293,0.6870192665032427,44.81368191965257
0.49381404045692867,0.38764880545564706,0.6327118787486009,0.7038570916343312,11.730259971643834
0.004363269650309087,0.16695308874719872,0.7130460506343187,0.6663854135782065,2889.0191957542092
0.9660475051286772,0.761037790250783,0.950772707731338,0.702540501534807,2.036325599257274
0.29805220863944315,0.10536492225085647,0.7818238633449356,0.6441492214759159,63.228982957376545
0.04818601239329623,0.36005046590097833,0.9567998154842862,0.5004011457102012,120.38607536658624
0.43272913601970464,0.457699605159294,0.20888272400516372,0.3687071708647952,65.55702215532074
0.3698132559871766,0.0523550201874724,0.7675676285179183,0.416504431903879,161.55593486844887
0.8221798868164233,0.8503480011198954,0.21199405469865806,0.6573534821701286,10.263932971105827
0.4722818041629817,0.8801567379214851,0.21574067917645412,0.6778132003100442,16.451166747862835
0.6077521222527226,0.2953014775718328,0.1366009036511726,0.6516397604772766,62.59602397646662
0.7385974581323307,0.31562734376335,0.6448326040223138,0.39513090761150327,16.83563806612229
0.7132068832826177,0.1992152748940531,0.8902150026361744,0.28740959646557973,27.5084211671498
0.3677859877561529,0.058091952080349785,0.1115122123212764,0.5158619027123281,813.6412584127625
0.2675926767279715,0.8354802257421944,0.014693388654953843,0.3790940486719362,803.0094717032536
0.3373455467690927,0.019327630917601035,0.12436839900051022,0.41364267491863527,2981.3366104895513
0.49286458444744663,0.4042897472548691,0.5309376784120938,0.5951316749056815,15.882653006992008
0.00992382112783563,0.4640951594535039,0.9634992408875883,0.5190322801295487,434.17847410975344
0.6775422674589532,0.3118638579168832,0.7739913781527625,0.7729214818761151,7.9109212080965445
0.521296047654139,0.9760138232792136,0.12555021476265338,0.016947664889580993,923.7028236632277
0.770158211757096,0.8071555373648825,0.12020722912057624,0.2655828329586061,50.388593202065564
0.01755236336662891,0.2933086107805647,0.7731418739186715,0.5179605277125789,485.04689159062303
0.3480955931682881,0.3717392949063303,0.0013536257154681541,0.2998005275652359,19042.85299908532
0.6464587416379305,0.9741944438163571,0.8470608269838995,0.023594964645529126,79.44738560563206
0.8985606046748393,0.7831984132986259,0.7803761235709804,0.4579957590035715,3.975716400158985
0.3980052929545028,0.3029157288331926,0.06569485895436578,0.2282353634936991,553.1908740758523
0.24660363497802462,0.4840770697102016,0.747444406596694,0.4738098283979466,23.653916188966413
0.057844449447160606,0.9577898009882039,0.9427243190941123,0.7851895431484084,24.38422079840384
0.9913279015642206,0.5444823328002629,0.9627683502532061,0.07560504061675077,25.452258281331023
0.3656807482613713,0.22538126800676583,0.19583308413427003,0.14080294889267608,440.0299843796193
0.6224136415659967,0.7813218557473051,0.5782983994203607,0.14696270958820967,24.195343025681623
0.8111237699334709,0.6359547071637285,0.3881657061269955,0.674130295536063,7.4084213889474455
0.25990497924283285,0.3451922084942105,0.9174858431319902,0.2905045056714204,41.81885824545094
0.4699882681579366,0.8901411373960146,0.7077213502675275,0.06220322616470275,54.29738363436948
0.14730304427897034,0.007841590771916818,0.6309217902291634,0.4476734254104183,3065.1184466937843
0.13427485090227553,0.9579341210567704,0.5296597239456199,0.24189329411288918,60.68046493446628
0.5006035711547075,0.6796203327351078,0.07623921797356448,0.274703815047892,140.3448786445388
0.8069654908839936,0.45966487040266124,0.5465771420322949,0.43281600220946925,11.395908354921565
0.04389994264300512,0.16574977982015593,0.4455416387418909,0.20918546540792782,1474.562834145686
0.04997902865967874,0.8436496640518237,0.9811925291641158,0.7931428739967394,30.475047502326596
0.853784921704667,0.24197713031704537,0.9606269755131998,0.19692570445342839,25.587037855414035
0.9514298103618323,0.994819293965951,0.7117228057460487,0.9811437317918219,1.5129881617972551
0.5695397795671037,0.25954178317609033,0.43699588566562086,0.593560935378786,26.081105411480614
0.07308156202701499,0.6223432646172461,0.9811778367622945,0.19010764978372763,117.87314263871663
0.7925951162883833,0.9078987937796194,0.9437015928202208,0.9601356044054472,1.5337123193567923
0.5214596387214719,0.9773079079915037,0.7573102071344389,0.1616714362369619,16.026577235644922
0.47690010646797,0.718331175372004,0.24734031581908333,0.6406151835488874,18.422803786374
0.6666004790466192,0.1626997438085659,0.5650853124527563,0.7716269109786077,21.14589758995234
0.4988956645359419,0.012103116776107425,0.009038469079292177,0.3570293439700122,51320.89930656615
0.926194068431782,0.22867677960360877,0.6343636888716871,0.22207587069332058,33.51477033764976
0.3216699896595486,0.848042089601484,0.7288614422699469,0.09539927731321063,52.72079937210275
0.4287020209864336,0.029169763645264468,0.480890146603009,0.6624340117010681,251.02851554603424
0.11850262359815156,0.28888493890916567,0.3978366255021569,0.9195310246560497,79.85019568926312
0.993255015422964,0.044911298995615856,0.761007923495392,0.37172406640234323,79.24534468035533
0.39245818622948003,0.7542649733470227,0.9184264321454086,0.9509285945025484,3.868034920463278
0.5771225860383208,0.3571211593005028,0.7875490858587793,0.25100138326230026,24.544975312929378
0.5640740288335178,0.35857846152487316,0.6566310737078761,0.2403989128935069,31.32028935851382
0.19159294573482577,0.9182390866754371,0.1018036829495369,0.5059579077349317,110.35368299725344
0.22085278296300892,0.03892996332566745,0.03601881829142639,0.17522177210582734,18428.73820749759
0.8667703545060003,0.28247874397702666,0.9504591705752957,0.5816222929891935,7.388149380879647
0.4366141897687661,0.5800888346694546,0.5166983852262678,0.7587762537573252,10.07063399428169
0.28249606597285226,0.3530503916003024,0.8940943025332507,0.9464565131504055,11.848596407299917
0.8925582274864745,0.4194479939573136,0.7803655030068817,0.4763357333010988,7.185782963859021
0.4975398521461022,0.20468010905728395,0.5911303032585165,0.18613589775334793,89.24484220435036
0.33156469906719377,0.8550302016199351,0.20707580921085522,0.07115828517343281,239.38416448160038
0.0690075926128163,0.9407845205031079,0.5069204379618346,0.40941207181701833,74.2185584273553
0.8108785810079184,0.835825927910516,0.3321910331156046,0.6936180574737952,6.403538659058762
0.7711228158518866,0.6546506868659545,0.15159507480009937,0.875883083517057,14.918858288923596
0.5390945527360087,0.2824724263700037,0.4252281854376939,0.03757109039890738,411.03911644086617
0.12786680122241756,0.7655467505158609,1.1634755366141114e-05,0.4165658284822922,2107800.893980992
0.5225101810855884,0.054634420000972295,0.9730781629723328,0.22612533124967193,159.19959673966113
0.30419871963628087,0.30394251225502733,0.2304166621173499,0.001473822086311416,31848.737979604506
0.7293447940879964,0.9668454997992854,0.22429348328504506,0.6630471918034224,9.535620021534987
0.7418963269587151,0.8484253790905247,0.4226291970136091,0.30293090564042924,12.409093246400031
0.3252951340230311,0.7126213330985128,0.816779466505636,0.18161396775660266,29.081014702039237
0.3709410081577652,0.90194019674915,0.8066935196947392,0.9848584027624758,3.7621408124105353
0.7542482596820808,0.39319520102792227,0.5906378339946378,0.6610142542473203,8.636651329978966
0.07845581631712395,0.5444969591038651,0.7093208284726096,0.16732130400106038,197.23566224587668
0.7806317174255571,0.5837727805141116,0.9522217856975946,0.042422298206891695,54.322238739273395
0.26532613755546697,0.6015538792998241,0.2965599122059307,0.7144241640712422,29.571738253856832
0.759005282521931,0.10251596406647445,0.5138544642067677,0.5088905555910559,49.14724482342579
0.36928077021554107,0.9329248625696721,0.8275063198732212,0.6972093819096368,5.0310901348247
0.7143266357349976,0.4617161438131191,0.9209945210965759,0.6945954272532854,4.739572045505718
0.7289810616558164,0.8616909037873453,0.274071589342191,0.807070903866703,7.197083424493344
0.19524060295649204,0.34534195224488784,0.3356104542698427,0.9785254683891406,45.16197288895616
0.8565372237479268,0.7011698615902597,0.7270567616153901,0.5620727944025711,4.0744560290364165
0.9470906671085191,0.49625875288236154,0.3805177098698945,0.163035336931591,34.29601366801613
0.786205652261058,0.7344439320755914,0.3843550385241349,0.02519341395922936,178.84861849375852
0.8389973277180107,0.011417983454073632,0.703699779629051,0.970257109726057,152.88883250301762
0.43766132814820347,0.23497340499595276,0.7048710100433817,0.8171281420155851,16.88275424129592
0.5464303160778473,0.9670352752561462,0.0516687216579611,0.5047955983045281,72.55705073203312
0.7184539473225501,0.862640471149179,0.17925561190779005,0.8000034817636814,11.25140084817445
0.5527070757185453,0.3965536819899632,0.13171502857909356,0.8652957589089124,40.031612431426886
0.15727320817971535,0.30978785920909924,0.2900455319624369,0.8714140341908543,81.20637622682393
0.672702994208898,0.7966813971913723,0.250467898792499,0.6248740996069989,11.92195193293914
0.5717459831437487,0.8328303767882711,0.9060870604812605,0.012156771477386807,190.65672962783984
0.6740199190587927,0.05183579911972902,0.5488586650773559,0.2876327290436782,181.30035050479526
0.3067765995221412,0.3529585034523566,0.6212924490496101,0.3340499656687692,44.498627362014126
0.7326990505902804,0.4045273855738697,0.06835320030995862,0.7837598424841072,62.9773790693301
0.285758324592706,0.43276687959926263,0.6854438832219015,0.332456157148712,35.48467298026206
0.056585656146715624,0.3739210470128136,0.9444485826943034,0.6417343972985582,77.97943697421725
0.6714791486672069,0.6322821536376398,0.1989921389594368,0.41833386410228013,28.294211957930123
0.7509397983633183,0.10137289755315915,0.27785277608971226,0.2763191084658536,171.09895570958824
0.432018927594506,0.9803687409421851,0.06750254668382194,0.518700994380595,67.43269729610921
0.17936468201221045,0.9706765454097441,0.1133035047274642,0.40360100236159124,125.60095811778119
0.7378849848346062,0.7045544280274453,0.42272863689393225,0.34652416795271823,13.131114238405273
0.39761237855287057,0.2642762631586393,0.2053329387067998,0.48303969755889,95.9490103595636
0.2685337560676073,0.2874616648972501,0.6567560634745571,0.9685373316998922,20.3657646576138
0.6036372005593751,0.07697946706496628,0.07558361385406698,0.951423220845566,299.25933318256295
0.29729079030733363,0.09206698608247543,0.5990445871503816,0.6236487782902661,97.79471693933903
0.6485048201186882,0.2674020278575413,0.015110684214475034,0.9650153694544719,395.4610682738856
0.2508930456911025,0.6760262880525475,0.7066298698787096,0.6100074170794857,13.677939705082656
0.3129073942136482,0.27109625376406576,0.5976682827027031,0.8660956336116915,22.7737526624898
0.9467337289233956,0.10590580440375763,0.15482861259771985,0.9447362587830797,68.18527257728664
0.7365352283347926,0.8829938248297731,0.20263263413534316,0.5875858711094019,12.914216869750001
0.7011395944174736,0.6801118854469727,0.4081516908666981,0.015394891691308477,333.7466418739315
0.5829260568042631,0.25310153917960876,0.45025424614289034,0.9575810150838173,15.720212077486677
0.3990353176424347,0.8398016066644267,0.18854060574925113,0.6724604980250288,23.536413595719395
0.9770069544389435,0.10189310087293679,0.008319942227192012,0.43358279263261434,2784.615376071063
0.0926254830513672,0.7483843496762314,0.9145486638485589,0.43402097270875883,36.34354457960369
0.25871164215544096,0.4344033190066098,0.723447817850001,0.009054161580370979,1358.4242973883752
0.5894539894846972,0.6132916848873791,0.6376882468959355,0.2420220799808772,17.923367532536105
0.7140527233781268,0.0913914863317764,0.1992703364668008,0.8774700466544819,87.63730731322791
0.7387231507265664,0.013745554011345251,0.2483762603698002,0.21440648299316456,1849.3028754288227
0.2708063280369726,0.2475597702798864,0.06252629574284574,0.45894051659682034,519.8068758300083
0.7327334747861651,0.6067317247174364,0.6728716685980798,0.08114917853623915,41.19465717450869
0.9514907101767872,0.8384918338430248,0.8050903184956627,0.8229838050417675,1.891736820682917
0.9327105081327614,0.5442539661136977,0.2002820178676259,0.6167836078525412,15.946917463646441
0.742881493667939,0.7379173933540254,0.5214490241668801,0.06845871933357806,51.10131590677045
0.3711129384301278,0.9207666084633573,0.584448909757426,0.5383319432557134,9.301385400161777
0.2688535143821935,0.3684489199165789,0.8953460891531693,0.6664630475268357,16.91764777689502
0.7873870267523329,0.45434542306765513,0.6302472194561579,0.24838360874320753,17.856309985032233
0.7054608302834863,0.4276013337033373,0.4425455148147456,0.6493223245768817,11.53638564337805
0.9362806214689267,0.06400634660862092,0.8247432373470076,0.2923831104121931,69.19901000298186
0.4439194545063778,0.021913328775008956,0.30104607783431303,0.5026312426301305,679.3678860031436
0.05617607734743901,0.49109572938316515,0.9271106288584273,0.10539321810780522,370.9695017697268
0.7644407280755043,0.40967105337599263,0.655173714524338,0.26023659798522936,18.728201175218373
0.1594922625413583,0.16046261427122643,0.07049194564314465,0.18564670490124302,2985.7935442552057
0.6642193849889683,0.881690611843508,0.8141256855911618,0.6851343098744841,3.0612941667271087
0.11043186341110267,0.28918744629594983,0.309806875322469,0.24995694639762123,404.36159540187435
0.5150056597097231,0.5355538148796726,0.3568859751711102,0.353789158736436,28.715136092634957
0.8285555979060814,0.7892928483196856,0.30779583168074565,0.9137884438732593,5.4366550807347425
0.952815017002506,0.32674254203004083,0.35442494879305486,0.5056341534219588,17.92359148563294
0.9411208125336735,0.8763194331423115,0.1025679625835898,0.3927307432714162,30.101320738032268
0.5533711897497718,0.50313247255154,0.19386306793689267,0.8588167711681547,21.572749934990895
0.6769407829968374,0.8379083748518036,0.8587642793494722,0.7483558536657398,2.7432832883228895
0.43921060124971734,0.6105467550154245,0.16036540611974315,0.6736454174749077,34.51963621338156
0.17925325573928075,0.6939495905101568,0.22959816075396866,0.11755130015021997,297.85794037470447
0.16528449014295743,0.001992135219070268,0.7187396178535302,0.7324010490583791,5769.371993806909
0.5149333499132595,0.1613628010553837,0.08355433751068975,0.01912896643728701,7529.827907469069
0.1657481769652207,0.8908555349831467,0.24153684170168177,0.35427132721721566,79.14519790407715
0.10534548448133318,0.22236130474817029,0.5192245707802051,0.6077526830956526,135.28284898766768
0.24535231416621106,0.05773215922511721,0.39103286912739865,0.23420337092633414,770.8779697051183
0.21955392322980194,0.9598628027134553,0.6163004859257241,0.5568784431720959,13.826005310285755
0.4157751035233219,0.42894433343014426,0.5409050038380808,0.6964298070361072,14.884773659627998
0.7021460961818294,0.17169390770544957,0.500112752076627,0.41195809503410197,40.26212191122548
0.8705269662693842,0.6314189212183764,0.5325040664159818,0.11539464217891737,29.60680926991269
0.6056378893234114,0.11720390568023342,0.33720657556575206,0.14284196481433187,292.47788147196314
0.6920736470243689,0.2062521138361526,0.391859373188026,0.8956747776187787,19.96037496115666
0.2043163833989703,0.5078050639587791,0.419271661166022,0.018124041045729733,1268.3795572140468
0.7927581135728128,0.06904590631459973,0.4742550209769536,0.5606782949389499,68.70616188635637
0.6284264566145871,0.6886316293078756,0.2532723835227151,0.009978776658449373,914.3099232122255
0.723443662354912,0.5356565993475786,0.8361177032072488,0.8213883629006943,3.757446963426287
0.8433261677878832,0.48509465997954015,0.33362839583686565,0.79155820259137,9.256185910170158
0.45129411302925493,0.1834421964034345,0.8549740195614743,0.8825598767723473,16.0082549605103
0.4663097561401701,0.07569972730978747,0.38782608991693124,0.8035376594626034,90.90503235192494
0.9017740285462287,0.20347274249759584,0.06697361202527152,0.8773504531328387,92.75113040227464
0.3894049389788753,0.5417609642675633,0.9680658120507589,0.06656472791422285,73.56001191479069
0.6483180074520956,0.07410542257486707,0.3754689284665004,0.8038145451934468,68.96552767655668
0.4334722327556344,0.9971823539029504,0.5590592849466022,0.3211621526359535,12.884925377395573
0.22011132590475313,0.3505205342861618,0.3725332737595508,0.06871367772396098,506.332591082025
0.36957419942677316,0.4642385197392249,0.7227377522388047,0.656729484721608,12.279761354221872
0.7087656552291542,0.008363681876857099,0.21766739958053605,0.6616842883998565,1171.266220583568
0.48398936817974714,0.005313475668345946,0.8044946424318223,0.7728095732903374,625.4460191658942
0.5484191629935626,0.06646332577627212,0.7665150495325846,0.583713587731364,61.31755369759629
0.7819599771579592,0.7517469923958404,0.8030020719578371,0.5180080664046248,4.089691859243654
0.140324518193515,0.6711574733796887,0.6204737850519706,0.7422531871990872,23.055072983974732
0.1698810060507353,0.19497519990028922,0.8904095172193285,0.7499777984520708,45.210322075290236
0.9082284887003229,0.7587153211639207,0.5971553059903019,0.6541327370278737,3.7151199923106866
0.88912792394001,0.5788067545119405,0.6323913243283874,0.15647671600360058,19.636610838419784
0.4739212201161027,0.716397111958099,0.2709426983163654,0.20225418052453492,53.74834051957205
0.31382680822441555,0.24150062799283345,0.21491263703639585,0.42485084286808694,144.50845519904374
0.9078385138835341,0.5070596467387183,0.18792038081532303,0.07697166938087407,150.18534540122693
0.6961561451379252,0.38279876443638783,0.8218309465853593,0.6595107686407702,6.923384149865371
0.7962414505413685,0.27194603941844875,0.6923589224610581,0.2640619846937188,25.260113818878434
0.9390684794502916,0.6363742815333744,0.3245118001753421,0.26951186229227264,19.132941266076468
0.1909265850716435,0.6946409588937278,0.2187156129979273,0.5953032659274891,57.9102121958193
0.26463502692535734,0.6619689447938686,0.8149397285405392,0.7780252431446532,9.003178888629256
0.7608513309307817,0.18772240569225207,0.08838494698451871,0.6989488284873856,113.3340470196131
0.3683472137943513,0.4323462264033473,0.031149092793391064,0.2595764492750492,776.6051176932305
0.03367640387446402,0.8791857726012476,0.24339668321853047,0.557337169573008,248.97800098071434
0.03897932066113041,0.6668473913056581,0.32302734575409386,0.8979191869576658,132.63640338049302
0.8881181889340358,0.3252906183617478,0.9009608956904679,0.9961576734987788,3.856769382888918
0.8254156641239481,0.844871347755229,0.2490087361090899,0.5767023988577563,9.985512731453694
0.06725591396736785,0.09491793682166971,0.9988926120332906,0.32663924942591094,480.1026039862234
0.7481839120488464,0.8066650530268165,0.8580232710072292,0.9976282974021565,1.935666642821231
0.24149648525686784,0.04035082685969971,0.411191517994586,0.13008066982894695,1918.5796553444727
0.022425889162055124,0.3604268271414861,0.7837382510752364,0.5661806912250709,278.8092140527782
0.31277798921035405,0.6543420054927197,0.23201818030881072,0.014381446072085025,1464.3147684543662
0.7643533864364274,0.6237430848640091,0.76230262450096,0.03893801668766561,70.66409807952435
0.8371196278306522,0.6195262000363033,0.5633953507126401,0.6246140481145316,5.479334212625992
0.8644332468683641,0.5869365065589071,0.5809503798881793,0.9906791570657658,3.424564491933567
0.756730167068568,0.4422938054511353,0.7073970000329277,0.3892304716917885,10.85120702803462
0.228875462483499,0.5968518768877594,0.9281820981139515,0.9291395200154627,8.488287495567816
0.3419052781054903,0.527677466221695,0.2116358985698612,0.9956311094988834,26.30497247076704
0.9811179078679357,0.6495089297074473,0.8044140596774734,0.7151001612837,2.728017439311252
0.5931582190394682,0.053347996988897695,0.45476434255266107,0.6747863021674105,102.98137033275306
0.6775316138836847,0.3731226184223836,0.9416919866580306,0.167357032236781,25.099554812323856
0.5003594462155606,0.6908839765508228,0.6971358058918092,0.6486389567688156,6.397235795417185
0.27528821345186016,0.15620656868662197,0.6359403268267109,0.5993021161394377,61.017008728556775
0.17935601028924097,0.7051391455705633,0.4551719917336564,0.6677605916031529,26.014346732249706
0.8373670797701507,0.16972842857692316,0.01914486799683668,0.7791025863957868,471.71806053722406
0.6096974251526159,0.6996395696221217,0.8381549749886426,0.8028109348245005,3.483964079622702
0.9609201469288247,0.5359350788521182,0.48849563265990537,0.4018871998907301,9.890896502066878
0.15369104284420454,0.5726072328820224,0.2770125243259788,0.9213075122129755,44.52363315700602
0.5831908042770976,0.5928401805081102,0.35492466087701,0.05198935197770749,156.7476799528595
0.03174376537298862,0.4233351441531975,0.08456537809723785,0.6068469555401391,1450.0582986313132
0.8809730056396574,0.8829148165187222,0.6590454101322324,0.211231831472931,9.235148634301924
0.8629968313588721,0.8860934353132082,0.1966535849529587,0.7374260857706773,9.017598930337723
0.28651954892712295,0.8026403123529297,0.9972378999036027,0.030026005329392813,145.2206713596428
0.8973658657909319,0.622630533598658,0.9733826191648212,0.4650095175264276,3.954163389152481
0.8473879305713737,0.06239406859827723,0.3352790500782957,0.06701653775120997,841.7556017923064
0.9753431334790705,0.8169739072718367,0.8525474212459705,0.9379652314338942,1.5693835558032283
0.08510348611978535,0.38559759251333336,0.07103488904400213,0.21079310155002862,2035.1209980376289
0.22936577703767236,0.4691072110475787,0.2685621674536426,0.10097810681776109,342.7103457168419
0.1674910890941077,0.14727556355209093,0.9730767979122983,0.7592925069184736,54.86828285301102
0.967761465269562,0.43974048650790853,0.2783684816626566,0.7982931972091867,10.574326923646112
0.3262539180411468,0.2993833737053483,0.2325059922078312,0.12967897822423535,339.5571313940015
0.25646306101676597,0.3553197484738877,0.6739942081457304,0.06256484221945158,260.2371621167922
0.21050693966534295,0.8090236402916764,0.14692192358377076,0.34264514652252154,116.6382996708914
0.8646589218581401,0.15492531114344266,0.0827368356181899,0.48453799508001083,186.2113082357638
0.3024195112785364,0.5634083644838541,0.8038048904834751,0.13714848815274316,53.2384292712569
0.580699084554285,0.5055087603898639,0.14407878601319957,0.6239984855289824,37.89104616249482
0.27364041786077165,0.4878343185440125,0.08227232427706188,0.45958405721362305,198.12016655317106
0.3064634680428203,0.8223812111853543,0.05697872699736828,0.41860727491832994,166.3522176550183
0.458431424131438,0.7250060762991187,0.574287575090211,0.667212337194181,7.852184321110956
0.7770492856517561,0.8622029736581888,0.3138754967224705,0.538022705363903,8.838608573508662
0.8401080784391999,0.9894511309650564,0.8895193110437631,0.3714672626243768,3.6407810628601776
0.19516651721865041,0.4893925374065887,0.7416414518360422,0.4925690707532976,28.66000168158419
0.4831808633136685,0.8382304210818006,0.36140377906718635,0.8597946748116456,7.945832684599002
0.40680480095172356,0.3282331056783394,0.453989911199699,0.7624469586748684,21.635937096031164
0.12600202786399428,0.19641921587201738,0.951444825663092,0.17549162738135737,241.9905922550933
0.5677273179310546,0.5793144666619379,0.4896244620502448,0.6447452485768186,9.631514356298553
0.22982672579761843,0.5526622677767482,0.37217325524689715,0.661667259629189,31.970899008087212
0.14122354337314946,0.5708774168394762,0.1852703553833237,0.2786430631150364,240.26796085825185
0.21870980032358323,0.1828377798688171,0.825710951560667,0.28570756766089034,106.00248051198918
0.9271237818644493,0.9699265253451909,0.5712604699370973,0.1430011226657264,13.61287392336678
0.37454824337958126,0.797732263348214,0.36739072869707046,0.08701721830278875,104.68915394474423
0.5567849109281879,0.8451208514960348,0.7959263871435024,0.17512314013035324,15.246750262191386
0.6727646144124667,0.2205042634356471,0.21820753455217223,0.8740717733051852,35.3429690453387
0.24966895274023015,0.2632473465180112,0.0006533907612995549,0.8706690341255177,26745.170443108047
0.7925948132091347,0.627328935090678,0.7502657639388423,0.1520485674244918,17.630149403342543
0.45832359458757543,0.3512193873487809,0.09377652625701649,0.4861304852149241,136.27064322418116
0.9207396503426354,0.04005911905069448,0.2914609134937939,0.20754093620570346,448.2060005786374
0.23814665366569632,0.9084345518793753,0.4680690542342901,0.4662994129398188,21.178103899689756
0.7605756424552823,0.1544922040049258,0.4872653541000508,0.4299852141210597,40.619255904946854
0.5969106905466561,0.9995577032504386,0.7694488940820471,0.3978657030174272,5.47477769402713
0.827553052274047,0.17070836331248018,0.030463686308960125,0.20444837246427305,1136.5361247297542
0.34041155611425966,0.5105807574595599,0.6151291405411998,0.9106057172144217,10.27151696528377
0.5098540095504577,0.5012756446257294,0.05024300982298213,0.03491155265622381,2230.6567391297563
0.5511599619163721,0.4381786132483445,0.8391803949802986,0.16067958471184518,30.7082545613566
0.024971662117049598,0.44903876793012587,0.23747855675225749,0.04961437333883745,7568.970301510226
0.724598286847629,0.11159299995724747,0.6083195000077717,0.28104975016688916,72.33538584913916
0.17349605035502202,0.37975152291931746,0.8014457762229537,0.3920935769045727,48.29998667372288
0.7507696492110557,0.1254862967991507,0.7727714196650791,0.23693332490664865,57.97220093634345
0.6773931298888728,0.5657815548409963,0.9291447172116873,0.38732251797531403,7.2502723193438765
0.06616518883444045,0.019155485551252904,0.8268585609727531,0.5247356376614322,1818.4672794756657
0.7752440518349493,0.2344256000115147,0.34508374551323373,0.03010387221131894,529.6752204880778
0.9614923245741122,0.6678679067008134,0.9332050877593062,0.2654964074290723,6.285326707800518
0.6114636112256608,0.6784999682926378,0.31754970025758844,0.8481092350156301,8.949856089104705
0.9471614629002478,0.8848551176960043,0.7390669759393725,0.27746467972495403,5.8185170272745195
0.28161604210563174,0.9633603204460379,0.010284495935692028,0.7160499732421445,500.52700202927934
0.7062461625552622,0.6226895409497974,0.9901088460868658,0.31187943576372523,7.363811235804935
0.3399718637932482,0.07893940294655555,0.44279813654373745,0.2610485262348481,322.35629553167394
0.3433867021776442,0.8345717902556277,0.9354845135274957,0.18573307200518563,20.0829257192746
0.37250893155346587,0.9286305621153941,0.06180846068922263,0.09236052811137851,506.39102731814387
0.16279098920622936,0.5952128341268748,0.15047227100599747,0.9680763814507335,70.84859637511424
0.44671452725852034,0.5015179603501664,0.2466586158054065,0.4709602524347335,38.42402779356465
0.6619136326370115,0.7511771369540428,0.753868082709913,0.5778911126940883,4.616522333916564
0.9043597749938572,0.8174078473061094,0.7570481146986254,0.05560552168046062,32.13501880022437
0.006877962219649314,0.21244727719547296,0.6635235939134523,0.4111974888825458,2508.315838792136
0.40240625929931173,0.8845868882296137,0.8955628481318387,0.9091752640535857,3.4502542112237795
0.3138780765150273,0.6910558127392618,0.27163318127436964,0.19060983307444979,89.04258758246772
0.18463245734736922,0.34210762086359403,0.4299576197798217,0.8309491710550684,44.31278976595618
0.1198910934727121,0.7349258473948942,0.5314549141893053,0.2879453426759925,74.16398737077796
0.4928195845328246,0.29994206977702265,0.596081955238306,0.4338439228552442,26.159844877910956
0.16440552907887873,0.11658307455569672,0.5466956820721302,0.9024130332861034,105.75406591467267
0.34395768655768555,0.7330001072226232,0.658661354939767,0.931554914309481,6.464282061634452
0.8209810172991409,0.566605258905463,0.6570304982341073,0.8983864665840349,3.641979971797969
0.3995187845869348,0.32679470585777737,0.010811083635196339,0.8265510741914642,857.1342754829772
0.8009807004033649,0.10445451810015138,0.5768573811327002,0.4639816981668874,44.65616401483926
0.11870909550911146,0.9805682270607236,0.21469588746335544,0.06723418009056115,595.1471367587424
0.5948473795019096,0.7388666771330327,0.03244344604718696,0.6587176387270222,106.4638326741383
0.5322918759514544,0.10326500887504841,0.17252387694636206,0.5679742973160805,185.66031523345
0.2963576135132884,0.9383157286513161,0.8187402294840508,0.983567206513663,4.4656506413143155
0.259670838950414,0.969723632797977,0.43123386979155787,0.3475187953137546,26.499499862730566
0.05034952696935324,0.05276525785960262,0.6920112559466547,0.4579289944340279,1187.805247245896
0.2265216260361057,0.6139703063252326,0.2528581182501112,0.5776317543444226,49.22831834394585
0.35920874698269034,0.823552226611819,0.8206961607667793,0.4773503981224013,8.628638210752303
0.3508191093350156,0.36255979655909454,0.8057145256682179,0.328179482797612,29.733394586003442
0.20905937370684602,0.08468834187530683,0.4666931208844084,0.4821320989198419,251.02055143570172
0.8409087104029072,0.22123869644606398,0.3809912736683999,0.8084057388936909,17.45201756878745
0.8236236107489735,0.3846110759787682,0.4591240232866809,0.3032858908492829,22.670818534932412
0.9325548784193121,0.11864376574158031,0.93374942300147,0.6838664518353432,14.15399485057613
0.5315721526867312,0.032659060784495875,0.4755961918220083,0.4077481050027323,297.03236113972446
0.16121881197512256,0.6564096035006569,0.9711509073682858,0.5621888110645251,17.307743051040404
0.7147532764439458,0.06845045256601678,0.41766699581699473,0.11635848516449587,420.57098160711985
0.6127958355365104,0.9384821582141546,0.6617777324716385,0.07680304831442153,34.21114162313116
0.35466620498508283,0.5506633794408515,0.4032077561332522,0.8336440104751723,15.232966413157273
0.8146710047099892,0.6118310201032214,0.37345794513270525,0.25533637376324414,21.039327737521926
0.10587431821312931,0.35489768348655404,0.4131725172077195,0.6758229251040736,95.31074471731077
0.6581598242975735,0.07010813964125695,0.3952593154311578,0.18177886721736192,301.63010255745496
0.1568127053168057,0.8273021497372459,0.04191521671625753,0.41918287590212133,438.7118356155158
0.1682036557665182,0.879330215678474,0.5570405132750351,0.23138063637684803,52.456435852383954
0.5024272871663764,0.7314863597031158,0.9581180089194338,0.22044600424541894,12.882475200846901
0.8861817721293451,0.9343041141674903,0.9164205445320662,0.6354143568619098,2.074135314728381
0.6298206544347077,0.4032106331838228,0.7523978823037879,0.5312940183509319,9.85073494853534
0.6774380712282945,0.42845790384879545,0.7314964640431391,0.8244715176045491,5.712607073089544
0.14643625660281612,0.832929715574228,0.5402965317903072,0.8446659090902243,17.964944478473498
0.4313017063410146,0.37904048538303503,0.9150607325172224,0.2511692675484013,26.614407728600344
0.8442123252861431,0.4840205725094041,0.5140954425512597,0.308468281489484,15.432284556663669
0.5730422006190157,0.3252111962762113,0.03926941424165231,0.27199860534435605,502.37359509010986
0.006379043406590679,0.9783547870568566,0.9657472098197475,0.39515529747230504,419.87188779230445
0.728370854339646,0.345806098410425,0.671093157085976,0.8054300430459791,7.3452089937255325
0.9467562446922407,0.400212275849672,0.7832979829560477,0.2659284506321188,12.670087215764514
0.9903323037936483,0.025769598764351143,0.603528806501121,0.6595059816513271,98.44522480635045
0.6880455570741288,0.12038757878908901,0.9385297834731304,0.1811832790500828,70.99617490927406
0.6227534032398411,0.22267607912308496,0.3072164170212709,0.5464585417281244,42.954501784580785
0.4171934185645765,0.1602256009765063,0.1709364024208483,0.41814478816279965,209.30008019234992
0.7572829782755007,0.8979646468477885,0.08412766225938284,0.39310390755940106,44.466851944599384
0.10024556372287663,0.016592480632597884,0.6617186826439566,0.6024494419665878,1508.0978308559377
0.1630191138148862,0.2338128330930641,0.02370775364451838,0.8349472056944037,1325.3900518222679
0.9746905960485515,0.1354595367946908,0.23147521376529812,0.868409523946934,37.67858339744313
0.9264637979561848,0.41962738280681033,0.050622472269074126,0.0393918336928194,1289.9063391505454
0.5739498660690104,0.392895108893179,0.028652427577654516,0.5832523923125568,265.35756082504116
0.011302536589022472,0.787371958149273,0.3064328227033716,0.0402580030092321,9108.704751452491
0.5883522209831533,0.3976844144330547,0.9738004133571495,0.5441986625037022,8.064855811020092
0.2752391810370083,0.7094388646339748,0.27149200254271133,0.9042432914075651,20.860870656091013
0.37472197050737643,0.5498685627762052,0.05057310382422886,0.4261212379522308,225.2055885985537
0.832363539660995,0.8056488053633419,0.22431855885352625,0.22607907101056268,29.404623165647223
0.8173053122132368,0.9303984201693255,0.09536092127300355,0.45005863942622526,30.64129901868669
0.33745427896422897,0.8706884554574393,0.08352491468001877,0.2111259425580374,193.00325448474726
0.7524683375864943,0.051293848981215584,0.49253538071428926,0.44210703467972,118.98209798382672
0.33440117898874866,0.3945723153189238,0.5299405869302329,0.16136735838838312,88.62632024430857
