0.3745401188473625,0.9507143064099162,0.16040902318365036
0.7319939418114051,0.5986584841970366,0.6364454168686969
0.15601864044243652,0.15599452033620265,0.15578509304844895
0.05808361216819946,0.8661761457749352,0.01741325382357281
0.6011150117432088,0.7080725777960455,0.45394084738091134
0.020584494295802447,0.9699098521619943,0.002871658057829019
0.8324426408004217,0.21233911067827616,0.8305919641638393
0.18182496720710062,0.18340450985343382,0.18134377792806297
0.3042422429595377,0.5247564316322378,0.2674717655862194
0.43194501864211576,0.2912291401980419,0.42726846502797294
0.6118528947223795,0.13949386065204183,0.6115568660938834
0.29214464853521815,0.3663618432936917,0.28272139976577526
0.45606998421703593,0.7851759613930136,0.2918292074690656
0.19967378215835974,0.5142344384136116,0.17265513447222364
0.5924145688620425,0.046450412719997725,0.5924109856826902
0.6075448519014384,0.17052412368729153,0.6068864946763687
0.06505159298527952,0.9488855372533332,0.015568056231340232
0.9656320330745594,0.8083973481164611,0.6731000705893281
0.3046137691733707,0.09767211400638387,0.30456354815572434
0.6842330265121569,0.4401524937396013,0.6545339576381785
0.12203823484477883,0.4951769101112702,0.10411885530330482
0.034388521115218396,0.9093204020787821,0.007337161869164333
0.2587799816000169,0.662522284353982,0.18769363806844272
0.31171107608941095,0.5200680211778108,0.27559975993013025
0.5467102793432796,0.18485445552552704,0.5458482679462087
0.9695846277645586,0.7751328233611146,0.7094783661338954
0.9394989415641891,0.8948273504276488,0.5654631510008347
0.5978999788110851,0.9218742350231168,0.30914321728408667
0.0884925020519195,0.1959828624191452,0.08805580812162239
0.045227288910538066,0.32533033076326434,0.04296418488043751
0.388677289689482,0.2713490317738959,0.38532649824432724
0.8287375091519293,0.3567533266935893,0.8142490929964126
0.28093450968738076,0.5426960831582485,0.24142462449467447
0.14092422497476265,0.8021969807540397,0.06700653182642609
0.07455064367977082,0.9868869366005173,0.01666266559452393
0.7722447692966574,0.1987156815341724,0.7708769267085296
0.005522117123602399,0.8154614284548342,0.0007944804350783754
0.7068573438476171,0.7290071680409873,0.529108726410105
0.7712703466859457,0.07404465173409036,0.7712439491596129
0.3584657285442726,0.11586905952512971,0.3583578430585343
0.8631034258755935,0.6232981268275579,0.742478813122762
0.3308980248526492,0.06355835028602363,0.3308886378869303
0.3109823217156622,0.32518332202674705,0.3048692591823274
0.7296061783380641,0.6375574713552131,0.6113501863781277
0.8872127425763265,0.4722149251619493,0.8427259280770995
0.1195942459383017,0.713244787222995,0.06840443383674817
0.7607850486168974,0.5612771975694962,0.6830637819951288
0.770967179954561,0.49379559636439074,0.7220735436037435
0.5227328293819941,0.42754101835854963,0.49964247428969927
0.02541912674409519,0.10789142699330445,0.02539754139323478
0.03142918568673425,0.6364104112637804,0.01632430608139747
0.3143559810763267,0.5085706911647028,0.28084679210152425
0.907566473926093,0.24929222914887494,0.9039019541711674
0.41038292303562973,0.7555511385430487,0.2720111462240212
0.22879816549162246,0.07697990982879299,0.22878136956461081
0.289751452913768,0.16122128725400442,0.2893882430706126
0.9296976523425731,0.808120379564417,0.6445863317694517
0.6334037565104235,0.8714605901877177,0.3672571439992726
0.8036720768991145,0.18657005888603584,0.8025873493635927
0.8925589984899778,0.5393422419156507,0.8191882433709486
0.8074401551640625,0.8960912999234932,0.4701108163845368
0.3180034749718639,0.11005192452767676,0.3179207772501127
0.22793516254194168,0.4271077886262563,0.21308289097196684
0.8180147659224931,0.8607305832563434,0.5090766277575526
0.006952130531190703,0.5107473025775657,0.0038279678141642007
0.417411003148779,0.22210781047073025,0.4158445967812778
0.1198653673336828,0.33761517140362796,0.11552990542774615
0.9429097039125192,0.32320293202075523,0.9324315905205568
0.5187906217433661,0.7030189588951778,0.3874073785282731
0.363629602379294,0.9717820827209607,0.14668846789907655
0.9624472949421112,0.25178229582536416,0.9585207209594286
0.49724850589238545,0.30087830981676966,0.4915359291416659
0.2848404943774676,0.036886947354532795,0.284839506301759
0.6095643339798968,0.5026790232288615,0.563482112188455
0.05147875124998935,0.27864646423661144,0.050146336727997766
0.9082658859666537,0.23956189066697242,0.9051377967791236
0.1448948720912231,0.489452760277563,0.12591117114221606
0.9856504541106007,0.2420552715115004,0.9822540407414603
0.6721355474058786,0.7616196153287176,0.47655135245792823
0.23763754399239967,0.7282163486118596,0.15070126229864986
0.3677831327192532,0.6323058305935795,0.2910643283931858
0.6335297107608947,0.5357746840747585,0.574096379898004
0.0902897700544083,0.835302495589238,0.03445974113186061
0.32078006497173583,0.18651851039985423,0.3200960519248276
0.040775141554763916,0.5908929431882418,0.025425307406638314
0.6775643618422824,0.016587828927856152,0.6775642995214236
0.512093058299281,0.22649577519793795,0.5102166790151983
0.6451727904094499,0.17436642900499144,0.6444311557794399
0.690937738102466,0.3867353463005374,0.6728309275809405
0.9367299887367345,0.13752094414599325,0.93638395206093
0.3410663510502585,0.11347352124058907,0.34096955128860673
0.9246936182785628,0.877339353380981,0.5721657936091118
0.2579416277151556,0.659984046034179,0.18778908966208444
0.8172222002012158,0.5552008115994623,0.7394962131933784
0.5296505783560065,0.24185229090045168,0.5271722511818261
0.09310276780589921,0.8972157579533268,0.02980467313605189
0.9004180571633305,0.6331014572732679,0.7700451513382082
0.3390297910487007,0.3492095746126609,0.33058651906916586
0.7259556788702394,0.8971102599525771,0.41242779667103724
0.8870864242651173,0.7798755458576239,0.6369307078146743
0.6420316461542878,0.08413996499504883,0.6419914892374585
0.16162871409461377,0.8985541885270792,0.061654972930150695
0.6064290596595899,0.009197051616629648,0.6064290540879314
0.1014715428660321,0.6635017691080558,0.06308811483732825
0.005061583846218687,0.16080805141749865,0.005014452326148485
0.5487337893665861,0.6918951976926933,0.4190817934049754
0.6519612595026005,0.22426930946055978,0.6499250065103899
0.7121792213475359,0.23724908749680007,0.7095155204708397
0.3253996981592677,0.7464914051180241,0.21070120824246732
0.6496328990472147,0.8492234104941779,0.39484440408987526
0.6576128923003434,0.5683086033354716,0.5826632766594655
0.09367476782809248,0.3677158030594335,0.0883944178777179
0.26520236768172545,0.24398964337908358,0.2633897934061739
0.9730105547524456,0.3930977246667604,0.9500134533608705
0.8920465551771133,0.6311386259972629,0.7637395012656581
0.7948113035416484,0.5026370931051921,0.7417082799151978
0.5769038846263591,0.4925176938188639,0.5354243623906898
0.1952429877980445,0.7224521152615053,0.12077966986602655
0.2807723624408558,0.02431596643145384,0.2807721771973326
0.6454722959071678,0.17711067940704894,0.6446827339194342
0.9404585843529143,0.9539285770025874,0.5072937935385662
0.9148643902204485,0.3701587002554444,0.8972532082601856
0.015456616528867428,0.9283185625877254,0.002216470050546814
0.42818414831731433,0.9666548190436696,0.18342741831299764
0.9636199770892528,0.8530094554673601,0.6259956159737308
0.2944488920695857,0.38509772860192526,0.2829796664458469
0.8511366715168569,0.31692200515627766,0.8419303509184206
0.1694927466860925,0.5568012624583502,0.1374116718731136
0.936154774160781,0.696029796674973,0.7534019017719873
0.570061170089365,0.09717649377076854,0.5699938485032381
0.6150072266991697,0.9900538501042633,0.27638704406637765
0.14008401523652403,0.5183296523637367,0.11743595501926761
0.8773730719279554,0.7407686177542044,0.6639380400659687
0.697015740995268,0.7024840839871093,0.5396144658064934
0.35949115121975517,0.29359184426449336,0.3550909608821021
0.8093611554785136,0.8101133946791808,0.5473265748405175
0.8670723185801037,0.9132405525564713,0.49632440169443426
0.5113423988609378,0.5015162946871996,0.4697819159448175
0.7982951789667752,0.6499639307777652,0.6653875416097533
0.7019668772577033,0.795792669436101,0.4747267120432897
0.8900053418175663,0.3379951568515358,0.8778610723889959
0.375582952639944,0.093981939840869,0.3755351474251709
0.578280140996174,0.035942273796742086,0.5782788719121449
0.46559801813246016,0.5426446347075766,0.41310334846631386
0.2865412521282844,0.5908332605690108,0.2334064548772899
0.03050024993904943,0.03734818874921442,0.030499910137745927
0.8226005606596583,0.3601906414112629,0.8076127443540881
0.12706051265188478,0.5222432600548044,0.10512314896454733
0.7699935530986108,0.21582102749684318,0.7680944606281521
0.6228904758190003,0.085347464993768,0.6228486023295432
0.0516817211686077,0.531354631568148,0.03826443454317357
0.5406351216101065,0.6374299014982066,0.44150358555350716
0.7260913337226615,0.9758520794625346,0.35174721743302517
0.5163003483011953,0.32295647294124596,0.5086001615442648
0.7951861947687037,0.2708322512620742,0.7904172366809196
0.4389714207056361,0.07845638134226596,0.438946318818019
0.02535074341545751,0.9626484146779251,0.003965043979281669
0.8359801205122058,0.695974206093698,0.6652658481659575
0.4089529444142699,0.17329432007084578,0.4083770247005431
0.15643704267108605,0.25024289816459533,0.15490125147928036
0.5492266647061205,0.7145959227000623,0.40627567921210817
0.6601973767177313,0.27993389694594284,0.6552452817447082
0.9548652806631941,0.7378969166957685,0.7325972445600051
0.5543540525114007,0.6117207462343522,0.4666005479399973
0.4196000624277899,0.24773098950115746,0.4171744507205475
0.3559726786512616,0.7578461104643691,0.22923670078788008
0.014393488629755868,0.11607264050691624,0.014371744306078021
0.04600264202175275,0.040728802318970136,0.04600205183103776
0.8554605840110072,0.7036578593800237,0.6762207078223741
0.4741738290873252,0.09783416065100148,0.4741107517855139
0.49161587511683236,0.4734717707805657,0.45873627709762693
0.17320186991001518,0.43385164923797304,0.15961376000306735
0.39850473439737344,0.6158500980522165,0.32455014579371533
0.6350936508676438,0.04530400977204452,0.6350902937762938
0.3746126146264712,0.6258599157142364,0.29952747180485495
0.5031362585800877,0.8564898411883223,0.2860910143525582
0.658693631618945,0.1629344270814297,0.6581221316714084
0.07056874740042984,0.6424192782063156,0.042999246604340194
0.026511310541621813,0.5857755812734633,0.015385657434093213
0.9402302414249576,0.575474177875879,0.8446905385231898
0.3881699262065219,0.6432882184423532,0.3044804483722286
0.45825289049151663,0.5456167893159349,0.40520446283865197
0.9414648087765252,0.38610263780077425,0.9203844355883778
0.9611905638239142,0.9053506419560637,0.5703476925816573
0.19579113478929644,0.06936130087516545,0.1957808937810911
0.10077800137742665,0.018221825651549728,0.10077796637885926
0.0944429607559284,0.6830067734163568,0.0552901463784736
0.07118864846022899,0.3189756302937613,0.06852973798778599
0.8448753109694546,0.023271935735825866,0.8448750413655317
0.8144684825889358,0.28185477477339993,0.8088124452323043
0.11816482762165625,0.6967371653641506,0.07010509315078034
0.628942846779884,0.877472013527053,0.3599042889753247
0.7350710438038858,0.8034809303848486,0.49462646595023757
0.2820345725713065,0.17743954377972282,0.2815091086214548
0.7506147516408583,0.806834739267264,0.504060508244253
0.9905051420006733,0.4126176769114265,0.9624732996780576
0.37201808579278317,0.7764129607419968,0.23312554080644274
0.34080354025301784,0.9307573256035647,0.14911133339114033
0.8584127518430118,0.42899402737501835,0.828139410628709
0.7508710677914974,0.7545428740846823,0.5464576112763835
0.10312386883593261,0.9025529066795667,0.03363044590741741
0.5052523724478571,0.8264574661077416,0.30504174534013145
0.32004960103061175,0.8955232284962005,0.14977715902812475
0.3892016787341631,0.01083765148029836,0.3892016701276335
0.9053819764192637,0.09128667678613356,0.9053159049724537
0.31931363759041487,0.9500619670508049,0.13077084642221548
0.9506071469375561,0.5734378881232861,0.8557063707265822
0.6318372121697993,0.44844552197831977,0.6012465576389823
0.29321077169806453,0.32866454536991596,0.2870257346497098
0.6725184560770384,0.75237452943768,0.48356992566560414
0.7915790437258485,0.7896181427945539,0.5508784687283593
0.09120610304869037,0.49442030470258147,0.07614042917362329
0.057558760016644284,0.5495288823237355,0.041705999164025946
0.441530501373377,0.8877041827582998,0.22823671151078886
0.3509150125520787,0.11706701642760586,0.3508037877862395
0.14299168205283586,0.7615106317174722,0.07568498934530062
0.6182180633162611,0.10112267612279024,0.6181358565984625
0.08410680611499743,0.70096913145912,0.04589750564326592
0.07276300636419353,0.8218600592903562,0.02703577110077776
0.7062422271564962,0.08134878064189976,0.7062054262598776
0.08483771408519192,0.9866395785011755,0.019945781443711952
0.3742707957561203,0.3706421470668909,0.36307080736147684
0.8127995672575026,0.9472485773838587,0.42936523692157363
0.9860010638228709,0.7533781852589416,0.7444751739936541
0.37625958553091576,0.08350071669866876,0.3762297681027985
0.7771469159274368,0.558404249735805,0.699948340922854
0.4242220092469763,0.906354385094736,0.20835177385122167
0.11119748230615134,0.49262510429085915,0.09450655013880783
0.011353644767419069,0.46866064199412627,0.007815233890423724
0.05630327568183735,0.11881791626807192,0.05625602262379558
0.11752624677710488,0.6492103021160636,0.07741298413439564
0.7460448792654233,0.5833687650971596,0.6578367979393172
0.9621725484745419,0.37487057952370406,0.9431838454192341
0.28571208628186073,0.8685991281894603,0.13836533758294733
0.22359583851945264,0.9632225394406113,0.07927713311568506
0.012154474689816341,0.969878826707639,0.001346599651796226
0.04315991195057611,0.8911431136980711,0.010694701652725616
0.5277011090862999,0.9929647961193003,0.22568083929667543
0.07379656473539886,0.5538542844013208,0.05481073338850108
0.969302535619099,0.5230978441701488,0.9007965146032486
0.6293986381352625,0.6957486889846172,0.4858883150454377
0.45454106476777323,0.6275580800840634,0.3695294610879795
0.5843143119231002,0.901158010490989,0.3136851850869574
0.04544638034145787,0.2809631895922303,0.044155653431325596
0.9504114840765587,0.8902637838909163,0.5779876079996517
0.45565675278571294,0.6201325978015367,0.37376843327608994
0.2773811829811327,0.1881211597237613,0.2767231350004167
0.46369840493998216,0.3533522280260528,0.45332028493353954
0.5836561118508721,0.07773463696498484,0.5836282175127425
0.9743948076661665,0.9862107444796029,0.49756619670703095
0.6981617140197451,0.5360963663441204,0.6353544973074178
0.30952761628632774,0.8137950197069487,0.17308152092438167
0.6847311725538793,0.1626169393448913,0.6841530015356452
0.9109271844938425,0.822537242923169,0.6156571473471448
0.949799913291924,0.72571950838836,0.7393649167155398
0.6134151959357899,0.4182430362906189,0.5903505096354501
0.9327284833540133,0.8660638895004084,0.5893888093792429
0.04521867010618941,0.026366974497252005,0.0452185673284403
0.3764633668780496,0.8105533307818329,0.22099385904002006
0.9872761293149445,0.15041689110352818,0.9867677567973555
0.5941307153521351,0.3808908566310215,0.5783384917228096
0.9699143978146032,0.8421189231357087,0.6420492039453901
0.8383287047111379,0.4686931597949703,0.7963571389706946
0.4148195023376652,0.27340707193070624,0.4112515671387482
0.056375496650927115,0.8647223762550532,0.0168042228357533
0.8129010091300776,0.9997176732861306,0.385649586388099
0.9966368370739054,0.5554317056026274,0.9098919250859177
0.7689874151805105,0.944765729882428,0.4029223574570307
0.8496473906774115,0.24734810174319766,0.8462110701576884
0.4505441353100935,0.12915941515149498,0.450357414412718
0.9540510272587224,0.60617463445088,0.8381875774954696
0.22864280550346272,0.6717006844058567,0.1603700250559764
0.6181282404578958,0.3581627180328405,0.6054556742308876
0.11355759219962902,0.6715731955927996,0.07081317532516158
0.5203077009037933,0.7723183917356393,0.34844288361011644
0.5201635011119934,0.8521815003185401,0.3004576168057528
0.5519068387744855,0.5609379715353863,0.4870046189326982
0.876653602658345,0.40348286621239704,0.852521686191487
0.13401522845064073,0.028782676313338973,0.1340149772035995
0.755137255673619,0.6203095513534647,0.6452064036707797
0.7040797680992236,0.21296416150891073,0.7023580037852081
0.13637147558676976,0.014544665667881929,0.13637145906042958
0.350587558806597,0.5899176868546331,0.29105637312806526
0.3922440450997323,0.43747492202372906,0.3705716616988574
0.9041586944937484,0.34825546702330035,0.8903850990368571
0.5139894891598108,0.7836530127411431,0.33681276868110693
0.39654278232127016,0.6220867002278735,0.32035431748065435
0.8623637087467452,0.9495206236576421,0.4598461019388027
0.14707348092903794,0.9265876251614944,0.050331218316651744
0.4921162930795382,0.25824438829895835,0.4890159289340755
0.4591357562382613,0.980032575285477,0.19443222526254253
0.4926180939928696,0.3287516102875082,0.48455394562436294
0.6334008543167258,0.24014561877819307,0.630764966560642
0.07586332810866392,0.12887972191064923,0.07578741452266217
0.12804583895777244,0.15190269351229435,0.12785560023588333
0.13882717264941014,0.6408747448032146,0.09556185051153665
0.18188008439914483,0.3456672833238632,0.1759885955806448
0.8967884099060118,0.47396164026287235,0.8514182076681692
0.6675577385210272,0.17231987120162984,0.666838094982796
0.19228901880867078,0.04086861626647886,0.19228779550518546
0.16893506307216455,0.2785903390319586,0.16649497534941698
0.17701048427674682,0.08870253375705561,0.17698444195515523
0.12063587110060081,0.46077876803272577,0.1067775235422615
0.2063337184057925,0.36426986104807546,0.19863422863863206
0.5034172708548569,0.6903948286293653,0.3813179362820964
0.039312139841098936,0.7994103989090426,0.012848127922821879
0.6279003894909078,0.08175903194887191,0.6278649845519548
0.8735786241067772,0.9208724005318132,0.49371725257446214
0.06107795985486375,0.2768776481472037,0.059659270637933665
0.8062012797930613,0.7482596903836584,0.597571060313227
0.18452101935637732,0.2093493233367103,0.18369958756956464
0.370472102791382,0.4845229851910213,0.33971181245190435
0.618254771530296,0.3689136395697724,0.6040258931513603
0.4625347161331479,0.7474709381337565,0.31702348486751303
0.0366832028905979,0.25243694434402075,0.03592159120225881
0.7133495858845524,0.8952068376871993,0.40522006927794957
0.5116774421156661,0.5321134852653157,0.46010946525292407
0.10717201133977605,0.44741236682345464,0.09548445015270657
0.5326172664550232,0.24247050363472966,0.5301065871758441
0.26924323094938096,0.37728416310462265,0.25912485127370816
0.02007119777772637,0.3220791655831783,0.018654286894307162
0.21144800699654465,0.32749735217791465,0.20628738505089705
0.11976213181925122,0.890527280739895,0.042509382096804396
0.5935924535540487,0.6791023191444896,0.4651775532606555
0.7891712386073383,0.4984421989290573,0.737900299171345
0.08692028808742369,0.5371065418185478,0.0677856946005724
0.5868411180208791,0.74543947418433,0.41825261784465345
0.4316595462296794,0.12758030279556376,0.4314855539014829
0.28377590579872447,0.3630822963986351,0.27481058185220825
0.6459172413316012,0.5707783046689119,0.5705664801096427
0.35609672589784624,0.9865152487929797,0.13763796556426444
0.6057748193568872,0.23722679173599448,0.6033198450889145
0.10178247262040374,0.15285913918433203,0.10160858864577631
0.24595772838450813,0.16068137325955567,0.24562758010983898
0.18656702405130576,0.2850951686938471,0.18375651661801315
0.17337359529475482,0.8967654246264252,0.0679047588143954
0.08023374566164221,0.5245113895702547,0.0633156268706262
0.4103968269896615,0.9823786169086064,0.16724746149660358
0.11203890216805235,0.39785559904574164,0.10423635017965092
0.9694704332753689,0.8655071258939803,0.6175278301829199
0.8170720709492799,0.25790282704493983,0.8130925188627902
0.17088758739006582,0.668643219924431,0.11518992078867918
0.9293759891275858,0.5567628930139298,0.8451371100500924
0.5716126894698998,0.2799790936602842,0.5670044193648455
0.7694929331919369,0.18704374855752337,0.7684207486151704
0.3236792364042437,0.4254364386164168,0.3060561324388469
0.507610378684455,0.24240973241508024,0.5051620726750038
0.11483682473920354,0.6106200424416326,0.08143038897755599
0.28863055324025577,0.5812382214226123,0.23805671202168358
0.1543627152742023,0.4811401018548175,0.13583481839128525
0.5325894325515859,0.05182353682242691,0.5325841687419258
0.3366042781939206,0.13441467693897424,0.33641499924947926
0.06337497047276774,0.9899602323899452,0.013161565781083674
0.32235384497472297,0.8098744458546349,0.1833939712649793
0.25464065476376385,0.6815027222239293,0.1783858872428988
0.7602278598896866,0.5956387406078443,0.664323283701965
0.47157618855015837,0.41184091414726853,0.45261477335214445
0.3488682665429953,0.9295291442478258,0.15409886086769217
0.8306194077877291,0.9650269106665126,0.4256083888085854
0.12429722348554473,0.7308674752036443,0.06869805690879445
0.9383404568210378,0.18123306616566015,0.9372965864595416
0.0664962673667775,0.741120649290059,0.03064453836463157
0.5744731131799119,0.8418287767582721,0.34552416834320565
0.1397723766262895,0.7952673118598902,0.06752625667785413
0.20162732004774453,0.1636559428657045,0.20130572558627055
0.16426579793099294,0.8145747202313821,0.07873542987881581
0.6651972206962001,0.5230654247691193,0.6092776193228616
0.3588304841235025,0.8772005408131083,0.18045817005150966
0.3924451074226354,0.8165994394715771,0.22952452638868423
0.4391349085702184,0.3769444294249076,0.42615191675278985
0.46267978566960644,0.3013778741641421,0.45713544264266937
0.7476093801762511,0.5027203900924792,0.6961823286220233
0.2322126951468173,0.8995745732745685,0.09843871584392942
0.3838912213732114,0.5435528611139886,0.3364856293187667
0.9064721109645469,0.6242379959139921,0.7817876379836759
0.11689804070836407,0.9398321236134751,0.03561896133673495
0.6277080530714179,0.3349056146570861,0.6178967481442095
0.13927207266338726,0.794025189270296,0.06743965846610403
0.6200727559285135,0.5334610919763215,0.562247543123291
0.8938925830509576,0.7885972112245307,0.6343930005847277
0.15167487973275118,0.31172206779554823,0.1480846405716025
0.24848913981446574,0.743946292572677,0.15391214371365058
0.03353243473577938,0.5698896848713165,0.02127677952856835
0.7624586857406905,0.8767656367617495,0.4547251202401761
0.34208174871590746,0.8212573046720129,0.19242166223783777
0.11063173695520723,0.8464522917345182,0.04349808864471872
0.12748866233198242,0.39728729056036727,0.11917364554462541
0.7972953657795536,0.14991742734877378,0.7968445776353957
0.22925139523264149,0.7222525683930663,0.14617550683546224
0.7200365365460744,0.6411476328852973,0.6004616032784625
0.6939484444671,0.5427244433475962,0.6284918270472059
0.25179905890695276,0.34569599350391944,0.24483092314114285
0.18159771680142567,0.9084505613336283,0.06989179538111379
0.5833917947661205,0.4008514167636399,0.564316286533765
0.4620058036441327,0.9472833396118153,0.21147664151847334
0.1533514031160802,0.5862298320167972,0.11781783490747788
0.505888678884466,0.6114542354346478,0.42279656615634037
0.01811018382084051,0.8721239089441515,0.0034177634699254925
0.9321182824836124,0.5651331835892089,0.8430503750862397
0.6966508238768923,0.9224993811772957,0.3730044404405133
0.7072386343133986,0.15253904291426135,0.7067836173848729
0.5762883601668132,0.6067150463828559,0.489004832755186
0.424130671302386,0.7364442356247228,0.29216984656094264
0.9343670147690148,0.9255685129067763,0.5311215660654167
0.4508393714041321,0.11323804584075525,0.4507289955585013
0.9848411989623346,0.8388980864459341,0.6569720243112751
0.12466268120326685,0.9208418826173723,0.04105551339685844
0.8698963620621283,0.5188380571260721,0.8071822679983184
0.5912754357449292,0.39900270387013026,0.5724079473561269
0.05476163882203133,0.3351972416459009,0.05195864988324912
0.8028534485980114,0.004632023004602859,0.8028534481855334
0.3334991716911442,0.3981686935909433,0.3195896017821562
0.5373956029379229,0.9198556164127605,0.2718741797302025
0.34634599436596125,0.3469532018962277,0.3380230904192048
0.7375012481097484,0.45221794088980716,0.7032542779375022
0.22460482293998196,0.4524395161326934,0.2063592880768597
0.14085702037979986,0.1763869865062233,0.14049466330800092
0.49836777273947974,0.4189254495045479,0.4775336148946264
0.9148459010681,0.3623938991166331,0.8986413891377851
0.5805883502780435,0.6322642879195304,0.4799321955270693
0.013094456588333636,0.6635373720167106,0.004860569051977594
0.17803596686975143,0.9610703174694551,0.05891459556537572
0.14866272775311296,0.41462412372702373,0.13807885985834015
0.08534966807864386,0.9968742518459474,0.019484705721501842
0.5021950103312426,0.5953850173200438,0.4265581262329596
0.06707647738842748,0.7499604703991778,0.03019518762260628
0.20990559309558576,0.8980542894407137,0.08674839391531536
0.20513964048200717,0.19068772066366657,0.20454253679473988
0.03654966784809488,0.47206694510999925,0.029013194079868278
0.5648411332626164,0.06570863942835237,0.5648271231287647
0.7755276166950106,0.4532888347480276,0.7400493702058911
0.52439026932758,0.44076274693822814,0.49841367787371404
0.400763060875326,0.5596403313082179,0.3469959625598322
0.1552402459307125,0.18192813049527112,0.15480982262480877
0.8617856210135173,0.9461154621336327,0.4625468715409242
0.37330931627975295,0.27074467314355377,0.3700549124485921
0.6439995432390158,0.4087341710980964,0.622354481426083
0.02538635566034486,0.15615259736619036,0.025291975778996993
0.7159722288473975,0.6589239419101514,0.5855241039015371
0.02709599250348349,0.22197216193294944,0.026702181130955634
0.2310747965880714,0.6718927435987284,0.16227633756463633
0.019710537754364155,0.10410858198457384,0.0196940587064538
0.7999160853731894,0.1785446620543336,0.7990082303092755
0.6527461078518747,0.23818278104672652,0.6501561839746735
0.09944139275934516,0.24317219099945409,0.09835083149451364
0.7222669318556592,0.8556964681062857,0.4428760269374024
0.8302198645669916,0.3971835296184548,0.8081469985226005
0.6680851365706462,0.20498429541582097,0.6666451409511585
0.29314773026101326,0.8963358185211198,0.13372464791777297
0.013001923510736035,0.08550853085446808,0.012995830414869855
0.20788625514602732,0.026532203873819715,0.20788602919947494
0.18143543508979731,0.5830415609696922,0.14271735682867556
0.42142455059249795,0.8926717110769748,0.2130393188728924
0.8174435617384409,0.34181735169787597,0.8052845880445361
0.2594234334312925,0.3796924081672669,0.24925246030213355
0.5902949425148077,0.26806364082287626,0.5863542081367606
0.624148907849134,0.4094116521912404,0.6027146507124269
0.5520471808519802,0.4361265291353167,0.5264147400039747
0.29446575954191767,0.9484533069621567,0.11820066158452024
0.7636057941597608,0.14011317576645255,0.7632691593562189
0.8684679758979128,0.48743119824951364,0.8188670500026479
0.8945522268940914,0.7998552559473152,0.624357836483133
0.42521350446923345,0.022469308320117398,0.4252133382573124
0.2686773593849461,0.5416342146608669,0.23041894168396176
0.6334782198261473,0.2578876854332023,0.6299773055380531
0.13935607407282413,0.8349302367992991,0.060542726013985006
0.9844021807035521,0.5256901823026858,0.9140461536762601
0.1716792858483035,0.27230732651936895,0.16943089933078054
0.018390676547466733,0.914298806560499,0.0029889327077220642
0.11775108289014113,0.5765164755142536,0.0890749779805024
0.274055220687206,0.5541780025157934,0.23221709014483893
0.6514203883518642,0.8297418037072016,0.41040182474329456
0.2064212717606032,0.010995828658480478,0.20642126511875317
0.13688563006880727,0.9000186418481051,0.049355131401753946
0.8738900775625152,0.5974131021703083,0.7690929458304963
0.6005168604336534,0.6650366745462555,0.47948609098590866
0.1753712786234496,0.9144119459249598,0.06569424877663099
0.4187705248920731,0.38313852824949746,0.4052751417245903
0.5189177052828375,0.046965966775055046,0.5189142003526074
0.1662833687560794,0.7380336164263704,0.09625225055114486
0.08279866792512647,0.6031521094663882,0.05671397136842836
0.24534910968132095,0.38929561404197655,0.23447670754303226
0.28869373677069987,0.35567271646494913,0.28034396251397703
0.7190459051842455,0.297121715623175,0.7124973943845614
0.5664046402968972,0.47605040219909966,0.5302215450642893
0.6636711653626481,0.936829739324758,0.34112963195153967
0.7325720972102503,0.21494037859075676,0.73074981529229
0.031183135061284672,0.2622640442998251,0.03036949431612133
0.5950779307002548,0.05142581348425035,0.5950725354987967
0.49636624720123634,0.5968428489168892,0.4206100001112046
0.3342438908169608,0.7709122037458219,0.2074856851166519
0.1065982531337718,0.07513778173580876,0.10658784755776482
0.7281887562036033,0.49549131620619846,0.6801463678878908
0.688402396427736,0.4348273386037462,0.6599664280468811
0.2464020332391068,0.8191023176741997,0.12922011560470936
0.7994158789689793,0.6946964708544268,0.6342095253479809
0.2721451372299627,0.5902306668690871,0.2207821042129672
0.3609738969400268,0.09158207332663415,0.360931636994058
0.9173135754622428,0.1368186309189614,0.9169780843594814
0.9502373538208024,0.44600577295795574,0.9131695141830574
0.18513292883861965,0.5419009473783581,0.1542236553314326
0.8729458358764083,0.7322248864095612,0.6675585140987186
0.8065611478614497,0.6587833667107174,0.6667305518574571
0.6922765645178525,0.8491956515653193,0.42601211641293035
0.24966800885918594,0.4894249636431405,0.22395123521672847
0.22120944181960223,0.987668007996647,0.07317025567274313
0.9440593396866133,0.0394268113685059,0.9440569918645109
0.7055751725156885,0.9252483174156658,0.37681073342542887
0.18057534512733353,0.5679452305526295,0.1450581451659573
0.9154882975880418,0.03394597858579884,0.9154870270749996
0.6974202672468399,0.29734900737255077,0.6909523155659247
0.9243961953765304,0.9710582451653678,0.4802534677360591
0.9442664891134339,0.47421421665746377,0.8975561912006
0.8620426509893134,0.8445493985350704,0.5568953910451586
0.31910047324325563,0.8289154741506773,0.1738255095813479
0.03700763471549262,0.596269878482053,0.022332886108552972
0.23000883728770305,0.12056688577727881,0.22990754109356665
0.07695320162920916,0.6962887758781398,0.04165681303351678
0.33987496376806614,0.7247667715287615,0.23069009496950643
0.06535634079894237,0.31529033783061033,0.06292405024994596
0.5394912923753372,0.7907231648389635,0.35209373502801683
0.3187525029320699,0.6258913764370091,0.25062857825192014
0.8859777482361871,0.6158631881823046,0.7685202159152388
0.23295947475363377,0.02440078155653802,0.23295930365173925
0.8700988739009299,0.021269410850387138,0.8700986830008767
0.8747016726841994,0.528937134027212,0.8071493690038045
0.9390676985128962,0.7987832357736654,0.6612621207701005
0.9979341105333375,0.35071181545171015,0.9830465095070147
0.7671882889311269,0.40193091360924216,0.7449907146228614
0.47987562030390885,0.6275054632183701,0.39211178446152867
0.8736771141863388,0.9840834691992951,0.4361081709894371
0.7682734138645182,0.41776678216733376,0.7424711793624964
0.4213570022770702,0.7375823015888915,0.2894035629251882
0.23877714576830233,0.11047411313139466,0.23870438351977868
0.35462215764077654,0.28723899165408173,0.3506142272064982
0.2963081204559901,0.23360775104990994,0.29469580074095303
0.04209318963636188,0.01787393473341381,0.04209316869589439
0.9877223897360315,0.42777313373586234,0.9555280148903159
0.3843266471596817,0.6796472826930698,0.2859192935144229
0.21825388786506417,0.9499611839502253,0.0795623401761231
0.786345014415552,0.08941100231225951,0.7862883462539375
0.41758077578492836,0.8791183075621647,0.21700252585107488
0.9447320222914103,0.4674015112498697,0.9005142634267616
0.6134113892107077,0.16703394609207523,0.6128023244802334
0.9911686261369765,0.2316717013834434,0.988308989025608
0.9427317741351257,0.6496466489923685,0.7965970478123345
0.6077367948788591,0.5126885110165086,0.5582608864994737
0.2306698117177587,0.17652803200550826,0.23020436187701016
0.22048620907017535,0.18643826214425452,0.21992034141553288
0.7795844735667533,0.3501252591667301,0.7665379192651229
0.05784267656339637,0.9691026301408113,0.012392987640016865
0.8837858849634257,0.927752283195213,0.49427317273922744
0.9949078226464353,0.1738952492194873,0.9939965584079048
0.39624201890265875,0.7582384757040913,0.25981359097545836
0.6960206180537922,0.15389590633985506,0.6955529610723808
0.8158331249906178,0.22444057183666066,0.81354759059257
0.22381761482262308,0.5369744228934136,0.19036340788357814
0.5929399348417032,0.5800862078378112,0.5169260044583124
0.09148683739775487,0.8774608626303804,0.03090886328997864
0.26560004258870606,0.12951492128280417,0.2654551132706173
0.8887480798689772,0.9556514982297534,0.47155291005559674
0.8621276172654506,0.8095160747248781,0.5894870836426406
0.6552419806390217,0.5508573706091393,0.588319913049871
0.08698675991141014,0.4084532130706987,0.07948555702854775
0.372688517012314,0.2597537837603262,0.3699298839281337
0.7234201136885849,0.4958757350787708,0.6754068115770577
0.08104621590764793,0.22018320194981134,0.08038257632339554
0.6832587636595959,0.07613085949030018,0.6832309973675306
0.8512069140487687,0.4951465270139743,0.7991424301615508
0.480586577326648,0.5924077846595176,0.4080849453587939
0.8246809659251492,0.34780920790219305,0.8116022662593813
0.6780161525590636,0.5657319639957911,0.60300224674174
0.2670282701694213,0.878629986355158,0.12400837131917573
0.7974260216069281,0.6584518346584255,0.6587578867064348
0.8505817290942419,0.8672942009598024,0.5271687692190362
0.7083629767150348,0.837013328363672,0.44743087335741766
0.6974714616692836,0.6801407717603004,0.555209470291411
0.6186113782151843,0.7527166395576412,0.4393086583124692
0.1586051052930737,0.8808707591989284,0.06314436538218454
0.871843527745232,0.029247283034559146,0.8718428445244859
0.8258167505647627,0.1288698674734452,0.8255661883486366
0.3351188542591419,0.7435082562916078,0.21933435659500441
0.1607598960483082,0.8179670241190622,0.075955944162944
0.8321341779577419,0.5074677337608362,0.7757377035310115
0.00638587171683358,0.2870381331749128,0.0058858833040396725
0.6169269183757422,0.9811861780274235,0.28299159403252233
0.6318135270166684,0.2598035810641598,0.6282127781067914
0.6340057030996114,0.5399853797158555,0.5728391363688136
0.7798453951511436,0.10698063882695841,0.779729741168821
0.761027902502028,0.5412665786761103,0.6928585544858804
0.9629920038589946,0.3418721660386861,0.9497710568447725
0.6326218931339481,0.9320281055100175,0.32463244080225917
0.10250972799067926,0.9372284872364511,0.03006236778751466
0.6878857223008134,0.0678370591051719,0.6878681586373633
0.30096356694681625,0.7081720886452816,0.2063575701434184
0.0673506014687717,0.5821704601762733,0.04668634456399897
0.34588305695295674,0.6209155177674771,0.27610233091514386
0.04574203381251285,0.8715368061523763,0.012370577285172539
0.9734889691773969,0.9688778552856915,0.5142242103403345
0.7496518317429247,0.13008624013063197,0.7494039687830791
0.7582631959290226,0.02458691645880151,0.7582628777100504
0.022123551528997254,0.32361021914954125,0.0206043336557766
0.48864319040466575,0.7704074178077932,0.3249069288231343
0.6832953766065052,0.44590270637674834,0.6521082141345418
0.2736266662816659,0.9971245001577111,0.09468670434986974
0.42618130223597295,0.4513870243296755,0.40070017599238944
0.16362382119166918,0.7948095487499294,0.08236488474330055
0.6936822257814886,0.2207696127887604,0.6917093463535627
0.0823810456158427,0.6804993020747131,0.04715217052875352
0.6545112142811352,0.2732595269982093,0.6500312255424674
0.9508635622504104,0.15105789178090023,0.9503561032701248
0.4323348010426019,0.9436159201675989,0.1960001643720663
0.4197273169261223,0.6385259476640855,0.33402233128596703
0.3975943979627943,0.27421520234867003,0.3940608638410484
0.9839776479598282,0.409334006315043,0.9568954943225836
0.8940992036791344,0.22995460589108618,0.8914630002563617
0.2131047040250833,0.03113408288451136,0.21310427027462847
0.651666825375885,0.36852634372376114,0.6371097019006416
0.864358249839637,0.47320990669155716,0.8201250363523085
0.9681934279147217,0.18552551570312115,0.9670291060033154
0.8686231679556108,0.7765968527917417,0.6247867332422405
0.770921844644052,0.8447832281168877,0.4879054371101977
0.7610239909429989,0.6262203216314154,0.646973770822076
0.13124487768238757,0.032526179491251916,0.1312444721999426
0.9208478478156868,0.616650314520738,0.8002625442111659
0.7965372909761763,0.4815223515125501,0.7512823567180896
0.11730818896239448,0.12518579220255044,0.11722413212824992
0.6855652872289714,0.4303058948994627,0.6583061150864165
0.20052472670033672,0.4915945467414369,0.177389574927573
0.06420893707513409,0.5819714019143988,0.04419977525468172
0.26899340443509767,0.7975591006371882,0.1511067643048472
0.31036195892357377,0.4552201490818012,0.28815078695963736
0.011620539908100636,0.07244688779455888,0.011617571106876366
0.3924935564066848,0.4799388347171235,0.3618489126454055
0.6000205481193037,0.29166257870930323,0.594467038067816
0.6949818861265425,0.8601223971892046,0.4195408904868197
0.7798509888933498,0.039618825348357145,0.7798488131333802
0.48050694725782894,0.10493017841817487,0.48042292863937214
0.24204501586252747,0.9866625932671464,0.08271333805889292
0.14249554290151323,0.49888815345135606,0.12240819429077307
0.6181557343181191,0.702464970544104,0.47198050110889167
0.5596486834869141,0.00977084741918366,0.5596486766684483
0.3264613082439919,0.5177116433847114,0.28999987903310687
0.08786649914483335,0.35062693120918076,0.08360369954064008
0.033203108791366565,0.07857849715502074,0.03319616313344903
0.39692327620159606,0.13271575404306035,0.39672791901320353
0.5675408482615582,0.6894649691372657,0.43658635226397485
0.8005866991090829,0.2001502442448101,0.799153355086971
0.16748258225906976,0.10456784033440025,0.16743366630629217
0.6364302495436367,0.7064757264869012,0.484988660875171
0.03158614482564204,0.9362122462436898,0.005934301630156578
0.05197128365147241,0.5412963353010705,0.03775388183711155
0.7090605194509164,0.8709691237460856,0.4212095901725338
0.7140869321324278,0.8017280830697918,0.4796024032676136
0.33945019254280606,0.8148251137465122,0.19324211318378695
0.08011484638467514,0.8948166560605276,0.024537020207847822
0.5475923761537362,0.8172977699624937,0.3416120502183094
0.45231828451830014,0.643577695196525,0.3603890824450985
0.5264026609361132,0.7315895217553319,0.37739539032247016
0.08162998203058958,0.0603520839905638,0.08162619172898802
0.24710323401014644,0.15954468011318834,0.24678156974367146
0.8717835665922017,0.21921398735804432,0.8696327439917398
0.9758652558191313,0.33689579177110685,0.9633034940675123
0.18211791568869928,0.7896985071424791,0.09528404944371066
0.6587077755008761,0.498195716453139,0.6122376749239661
0.5553635509376312,0.7192017782722638,0.40865109415124345
0.22845474133129873,0.9963339160567419,0.07461764111520093
0.9747931621467831,0.6503256863469369,0.825283121975689
0.19954245092914513,0.6802282424312913,0.1348904278870391
0.07219840897917584,0.030652502205806065,0.07219817177293221
0.2576828885112137,0.4626229567393163,0.2363557719604357
0.8682725054083805,0.727169069766308,0.667869163760471
0.742706521199981,0.42549333444807536,0.7154940216454391
0.3459349925469629,0.3710387629846027,0.33513557296795227
0.9876495637360578,0.04010919141248248,0.9876469917066226
0.8670314961224486,0.5786754085723934,0.7738404670273933
0.43861541918959046,0.7252576604151365,0.309372017384951
0.48666894142470285,0.8734232380816606,0.26532703166325533
0.9007018640112585,0.4217209268734554,0.8716514105448474
0.2768277972350516,0.5923503285933622,0.22433431372942328
0.912363345616691,0.21066218900566658,0.9104860366872624
0.6229665835634828,0.6315602200925206,0.5184603406380461
0.733113022415281,0.1315676851272598,0.7328565560336863
0.7158249646820886,0.909032520665641,0.39612340099391413
0.17968310887024197,0.23754332492387764,0.17834350928103887
0.9713950940416396,0.18097695270948977,0.9703389610684733
0.8543850933695791,0.4922778564480348,0.8033444467097528
0.24723107440317704,0.8707499012725114,0.11466207133417847
0.4453052550026655,0.5148173539296902,0.4028945762451665
0.3592333693997657,0.5929508514349274,0.29781092712844437
0.16352387258502277,0.3910815366517607,0.15458182259190156
0.9694123223352875,0.25813343270112754,0.9650604387243147
0.6567366645412922,0.3251900642246949,0.6477975857583296
0.7734731256866006,0.13087366071834983,0.773215204645757
0.9698210450785447,0.45378954138363925,0.929784691253066
0.23605046334646396,0.07349674733001266,0.23603628750576647
0.16975790508754074,0.5197739485560177,0.1442108438613013
0.3370031764312863,0.8288833658826095,0.1858688122002558
0.43088752366180594,0.2487142725876299,0.42839028250473493
0.61714498660403,0.7067772168854458,0.46837111446433044
0.16704190790094986,0.16761921628831766,0.16671989747251892
0.03667142693354297,0.7364020150656405,0.01446226272783732
0.6638045276218051,0.4746308757498139,0.6248819307786626
0.8441704489691971,0.8056701529500532,0.578762296639901
0.5853543643967521,0.8682712805132586,0.3358567505455018
0.20584121003676825,0.11191961939772788,0.20577004922449676
0.2697496115169896,0.05708685608931485,0.2697440956213927
0.531169528001032,0.9366056922949615,0.2583672299723086
0.03934354066850965,0.1221099140100268,0.0392994898589727
0.4521990282834353,0.9338750175279049,0.2121932280205415
0.3161561049767505,0.5072348086883924,0.28285564306602395
0.0415728590503921,0.14834320096208886,0.041474356993541066
0.9866301229588469,0.9651186964360455,0.5266337438068746
0.004939980934409616,0.951811785423239,0.00038967200594993237
0.6391199378155004,0.8679182945200221,0.3738022873291214
0.4547398556338591,0.5155960285792502,0.41160418755207406
0.4888465802569202,0.6668642575461043,0.3810615201600826
0.1396512547563129,0.029973589872677953,0.13965095312492992
0.3079299415911909,0.7046807627366467,0.2131934102109141
0.20185345212294836,0.6734324333249173,0.13846621273580803
0.9699120461072704,0.09390071578941839,0.9698354851235281
0.6726021182251263,0.44375021930457115,0.6422372968742774
0.8681422543775054,0.1771497894473859,0.867225613520759
0.6926259522261645,0.8381152896481102,0.4348266164513763
0.9446142194740232,0.6832480282896458,0.771601064079906
0.4971747640084273,0.6178472402012138,0.41202337095939856
0.8689049844787182,0.5706097466388297,0.7801764267821496
0.03038705969683686,0.9309486955069778,0.0057238788832641736
0.6895267510315611,0.6765133857772465,0.5506305621504645
0.21567515239771717,0.6588854702326572,0.15341527425991483
0.3938644056541585,0.6512329770414921,0.3061287246109098
0.10659303030799072,0.657845304603036,0.06773709997282522
0.9994137257706666,0.04821203886055603,0.999408324545289
0.9771741842213173,0.4069079607228706,0.9508053830696513
0.8707534503372591,0.7823854840582735,0.6212805842906189
0.5670162609866678,0.7384492092513265,0.4064930371773159
0.8785155613013479,0.404140321651033,0.8542038501958228
0.3270331615632387,0.6675933855635847,0.24272541861860483
0.8078459419412586,0.7622851347766157,0.5872385402672841
0.7978136488586345,0.435583314812933,0.7669052900722986
0.8178342161750216,0.12020905537060844,0.8176454252516793
0.5444890979608495,0.0057586604981215705,0.5444890971493646
0.3245858299002703,0.3664615348713979,0.3146261890755205
0.3961726916092554,0.6954672066898622,0.2888238412386106
0.38855810127034573,0.44869362262253065,0.36483517255340314
0.23754413087432746,0.3732517916293401,0.22844666824216023
0.22726962726315147,0.07319592376844364,0.2272559439225972
0.6034485933813779,0.6682127985550163,0.48020469648713987
0.6194903460096145,0.46349404380057235,0.5851782286428743
0.3797857801792298,0.8633336495718252,0.19973402099354676
0.519081785136218,0.47918187762973097,0.4836863332394928
0.025642065806435688,0.34124782762615635,0.023640118146288882
0.38019561878585706,0.3988227808969005,0.3652105218432816
0.5801723692273323,0.5336025467268785,0.5243609117680279
0.6079050927934446,0.7648832615421283,0.4224502113402352
0.8129857387160935,0.7181230762264944,0.6278105894008598
0.9555236959549347,0.01823258267636163,0.9555235879326277
0.1957779856835461,0.00756287497814212,0.19577798423600928
0.647474714154603,0.8980305489499869,0.3580643352694951
0.24348229657629927,0.9270345447963066,0.09751959865539704
0.06026739028956085,0.9344360268055143,0.014679017478474964
0.3516226872396344,0.10142082844921652,0.35155995806481316
0.48587175918632564,0.25677656772050794,0.48286026383813196
0.28487290196192283,0.3072899649262866,0.2801920622534165
0.8030258978326634,0.5391612766752545,0.7338263439240778
0.31130769915600365,0.6103337833109184,0.2493055601140352
0.7161506742231936,0.27262400073353377,0.7115062395633602
0.4135491015253515,0.12188609333694755,0.41340721827010274
0.18114934953468032,0.6811178539649828,0.12031113198990544
0.18143834769562694,0.5251633836670602,0.1539476224994996
0.7090462617224327,0.10687692309474384,0.7089364102796598
0.5673122196289035,0.25656278370136376,0.5640673702317088
0.9629268752375798,0.4835456467199247,0.9121108292912286
0.8059925497751581,0.5502265421562618,0.7313282523586797
0.043412532854819164,0.6331513755940223,0.024508870449352422
0.951403342206657,0.6016118201463312,0.8387565040156718
0.8191888594267902,0.8842064633484078,0.48896860965583333
0.22807977194893247,0.21204483990822665,0.22711833756628572
0.6109809888509917,0.4110284698067047,0.5894568498856687
0.8398613028667203,0.9000231233980112,0.48943066903499166
0.3534213793027181,0.23687055897448206,0.35155973349152786
0.7805255152438618,0.2748060355481361,0.775519361764425
0.8226143185136784,0.42373825364876283,0.794377265841064
0.6675498992914705,0.09553531383466818,0.6674818453428286
0.623859324676573,0.4517676787372291,0.5926068810313416
0.5866084631754741,0.16801420774486342,0.5859987766725021
0.7368737449441821,0.8627970775432285,0.44779451472355875
0.21673980009077565,0.09571455552016173,0.21670073372651455
0.023638586046336396,0.641971500443266,0.011231225624886943
0.6070940360887808,0.54669741271407,0.544651724246302
0.23194709611597542,0.39090599590551467,0.2212214823008957
0.594476335186173,0.4967668588591694,0.5509589849484364
0.9877855202148873,0.13643975255673313,0.9874412149886109
0.6951445540475938,0.4043187681042921,0.6735556051846924
0.42819961492561476,0.7175977656581762,0.30471861033490555
0.6924361513243696,0.9912559937021883,0.32053445546974757
0.12839428945412523,0.10410964938416634,0.12835220764285343
0.7243388171287412,0.5783869170064091,0.6401619393987955
0.27416066655980587,0.0794193689889866,0.27413983722957064
0.08565824959643054,0.8941908746641183,0.026899160159165006
0.1918673247187429,0.32337156211552076,0.18719428603175695
0.22665640222698802,0.3549963058319373,0.21933948472604756
0.06942384274609337,0.5190597909082704,0.05442890079033829
0.0676125635922149,0.8003565078223616,0.026226262065865584
0.23371208191043302,0.5400119146045106,0.19875118863166888
0.8800790875614583,0.6508773690471942,0.7387495154720698
0.5329577865513353,0.3243337531153756,0.5250001948979632
0.33300191305819793,0.6694869551981901,0.24700970069507056
0.9941393612211675,0.6618391898493786,0.8337045970024406
0.5577834173700249,0.7306505102392461,0.40372341339572704
0.46520561228371815,0.060142342600785215,0.46519668877806386
0.5622968158779098,0.9576252845053802,0.2650467083427511
0.17530294235765964,0.6900048908206657,0.11373007311102817
0.20093368865905648,0.5358276844730813,0.16972229805599126
0.09667644964671962,0.45037093625818514,0.08537919001496228
0.7561633288952461,0.3475715242389821,0.7436821302879485
0.664911724487218,0.7954499607897292,0.4459542515002125
0.9271778194794527,0.23464208185545354,0.9242681738747565
0.39931591580930814,0.15241601333041743,0.39897518612803046
0.9924835021583752,0.9270009679242953,0.569986477554656
0.5399571302805596,0.8420332943764213,0.32061524116858503
0.5209579772720422,0.6235856880027597,0.43072190747153244
0.08912443211601662,0.7552704204968079,0.04264403610151522
0.12771348363523483,0.8260676302525284,0.05545529559030769
0.7820280876703859,0.7087446977429764,0.6084257086858765
0.036160380524762115,0.3031283559453286,0.03462309123866214
0.26311256991084286,0.3601364074715191,0.25475798050149534
0.08764274676383854,0.9369578230310628,0.02432299405008515
0.5538022407123763,0.30552431065802355,0.5473930234274941
0.3969815170742834,0.44720254050483565,0.37328561948937505
0.6005943333606173,0.5156794276964978,0.5503732658786827
0.9193919732144173,0.49696348290583026,0.8644044032431509
0.9921580148233127,0.8514249577450957,0.6494931075852227
0.2085105143573358,0.9305952146439163,0.07890948070321617
0.11636639788547609,0.8174497084911916,0.050397490615593336
0.3806232934765801,0.8779743204450695,0.1938871030538719
0.8680566901074503,0.8059254001176211,0.5975064483208007
0.7900304363070614,0.3046791390980408,0.7824446155985423
0.08091928305125218,0.40298017876516146,0.07405401733479375
0.17352451498650867,0.6949510889024617,0.1112383972640228
0.34609972653778553,0.9756102008599149,0.13626278201276504
0.640972077345332,0.822480563634361,0.40784997204106954
0.13252467274184843,0.8620144822726226,0.05265736815694665
0.9227571905133943,0.4870619188189359,0.8716885469954264
0.6062529377509774,0.7648098009029954,0.42117654434823254
0.17483862726041255,0.5025660764634424,0.1516952854377728
0.3986630277723131,0.1463739921622491,0.3983733981212624
0.36753442229153144,0.06817230938549357,0.3675213284957612
0.025811906949486985,0.13516628915482276,0.025758391121221306
0.9631151115891738,0.549529535895017,0.8812283803121912
0.96582216115322,0.432497878330132,0.9326181016980063
0.3118161330852596,0.5061418628402441,0.2790232136329557
0.4395116886329101,0.10566468426174391,0.4394290614398953
0.6408263146902062,0.2160381825095996,0.639087264746435
0.6195879548978296,0.6502010923981534,0.5049372548688931
0.1520248531286481,0.06134962711066816,0.15201932994826434
0.7807615860684398,0.4598004237693202,0.7431687006863518
0.05816379550547579,0.9948663171697671,0.011490436296738028
0.05778056099636664,0.6950352288585532,0.029318107707433032
0.9836789252634136,0.23918010421592562,0.9804437619629924
0.14224936868719618,0.1213849394224289,0.14216753455489642
0.30327514756759555,0.10104581101064669,0.30321774788878264
0.6921613416941319,0.06229179813006269,0.6921488154959021
0.5094221281497897,0.9966968538529768,0.21380451139008622
0.8139702695060188,0.6152194382310109,0.702432817855493
0.30625362078661167,0.6238958362916385,0.2404282601909019
0.5270414639116516,0.4260833838903715,0.504152913819511
0.13071037674019947,0.8866042152404667,0.04824886899187421
0.4497846488213225,0.19462251182076507,0.44882448239191625
0.3677593508772896,0.41412975252892703,0.3507472427258743
0.8275378955668743,0.733614380561402,0.6276819619718987
0.7693048936413398,0.011031264428647214,0.7693048806530963
0.4161539981797615,0.4813441516353236,0.3841845148089814
0.019192276823056686,0.2598132087450342,0.0185811188008978
0.760289823122135,0.13710970572899905,0.7599817978166078
0.5353101314525917,0.2152018720172375,0.5337454870025442
0.012120774643893273,0.24120145759954148,0.011759253036626754
0.9758737549100538,0.8015371118829896,0.68828774308541
0.9595766443210334,0.48785404392636245,0.9071218223359454
0.1097361986775035,0.547959488973693,0.08625997750072148
0.4543773345599609,0.844357082739616,0.25904568038696946
0.09808258078424459,0.4882411370217782,0.08301926985922709
0.15004866469398426,0.32467592689006,0.14586426467221417
0.7373570773877997,0.47601812936876653,0.6957553285292072
0.37588828514576933,0.3944762785700353,0.3616062498342549
0.45944676840598664,0.7850165438370569,0.2944661285805805
0.8920846889402344,0.9553346865039283,0.4740341574379733
0.7869033862552951,0.31540689574801273,0.7782212397706965
0.6881347060865421,0.4376031240553919,0.6590025891238275
0.2546706220460512,0.8408715794259226,0.1279320762316037
0.038426348962324997,0.9017619921354235,0.008786608115674863
0.46147746462473416,0.6372014768082804,0.3713569936040787
0.6593539222057827,0.8951177407065364,0.36822901319534607
0.6366696821672073,0.6139335847600618,0.5404462224455384
0.06665204056068996,0.5184080219452041,0.05208181595505239
0.15016900081704165,0.7374337687214856,0.08517153596359187
0.5122219208126745,0.6802277792083533,0.39427478935381444
0.041672900602384266,0.08479201604580322,0.04166235098391385
0.7163233880626823,0.07208433599867337,0.7163005371094989
0.0712567277652586,0.01210847523488745,0.07125672202712396
0.9565013982994801,0.737508359459007,0.734358234216091
0.35325140850206416,0.2965355812876552,0.348714754899676
0.34970322974584955,0.7746535311811819,0.21734899632460464
0.6613706110704144,0.18519556786746794,0.6604153610065276
0.17410933533408435,0.09839564971339732,0.1740702317045644
0.6603027197013381,0.7643726622217359,0.4649703238541694
0.265046428325004,0.020944961030912812,0.26504632924659083
0.08217166747642735,0.9678600348450305,0.020233435364680887
0.29544477747742026,0.7692231478381336,0.17969709947250123
0.6246635688542638,0.3819396396528959,0.608285477285072
0.2056872621955551,0.12138641815940643,0.2055888438111376
0.6150129680388666,0.774633780637788,0.42149050372793984
0.6439042535411307,0.5303021332491583,0.5861369677116207
0.041951223431636264,0.9684887775943838,0.007922164906947244
0.7987141916545746,0.29282203670096474,0.7921971186508039
0.9799703293588506,0.6018815896363221,0.8652642270414483
0.5824226582072465,0.7480731794295321,0.4129624405114875
0.8117697880901376,0.6564786073315027,0.6730301940075681
0.12809574636620003,0.3382675059944984,0.12357505775438116
0.9280836403260497,0.22461561184385193,0.9256379169661563
0.3721670238375133,0.432076882944196,0.3520536891742591
0.4394049896944522,0.6129395824945255,0.3622671993316517
0.9430758377447076,0.24069271183250496,0.9398277577331081
0.12150137630091806,0.19747048985993731,0.12097364968482553
0.8869249002092695,0.645810812655206,0.7486464257190545
0.28590678923916013,0.8159469389686173,0.1563217533424875
0.861369996363436,0.846514338690278,0.5545502481841588
0.9189265336395545,0.2522410201733616,0.9150622136361283
0.7550419287462783,0.46053949727414,0.7178771033115211
0.8419985528900615,0.7284906771616132,0.644256468331065
0.7764474464997246,0.6561618376810715,0.6414949092239709
0.17742876946970687,0.5450269188969383,0.14669738286371842
0.9846697395245082,0.9373880664971189,0.5537780469690577
0.04317373579701167,0.16481481572943713,0.04302095974711546
0.1317287734545619,0.7259799099852955,0.07461921797343025
0.8177853298569451,0.2135113663106719,0.8159103061633649
0.505852692951829,0.8407030280112,0.2971482794201954
0.7328015447662506,0.5422372054918483,0.6655862079596038
0.5903476904587729,0.50836054691628,0.5431367543811929
0.2975484513188206,0.5650219928590161,0.2507053023272686
0.6888853020500907,0.8733229158608077,0.40502379516706816
0.6362913539792481,0.761121537043158,0.44786698101581063
0.160071634954573,0.4615574744197899,0.14376382701677595
0.009331619827093296,0.24667886452162302,0.008987134685640857
0.7264617151130048,0.9918099513493635,0.3402166082215019
0.0991780995872159,0.40149431586128825,0.09161859490310185
0.8000709686991595,0.20403563462889884,0.7985237643336583
0.5550849493022862,0.7330712960296748,0.40002689654006635
0.615985450260179,0.18802473461541613,0.6150060637717234
0.3553845686857394,0.7837917844853972,0.21761712241822928
0.5542265141320166,0.005229613542912737,0.5542265135751874
0.7609907600280938,0.03531135494023907,0.7609894037571835
0.7457337827312321,0.2024805601652374,0.744285075139277
0.9580734801193802,0.3679407513020845,0.9404636897373544
0.3269316163380791,0.14888805033244468,0.3266508825106213
0.3056042154902149,0.8766507618282006,0.14775033506368576
0.9963343376272473,0.36830953050684834,0.9782991381686301
0.44861063095454257,0.722070938202737,0.3190987128213714
0.8861957804650745,0.5930443341867842,0.7832760473204463
0.39152569817782934,0.41262184084862374,0.37419078003858125
0.6956181464968069,0.0032182636042786816,0.695618146407338
0.6195893374598407,0.3554930104413574,0.6072681434401401
0.7941973312770843,0.09299063982313216,0.7941306989905128
0.5882022669483905,0.48097288988612374,0.5498357793319865
0.6423255259052274,0.06485359448296835,0.6423113482565194
0.5799837874281313,0.5614845879595237,0.5130284937208007
0.5606600944161709,0.6034876665964548,0.47628889410987046
0.6764679372263622,0.8049889996807698,0.44782962899998385
0.26982072012821434,0.8250494101800621,0.14260869136660684
0.4982556822634536,0.07705827913433116,0.4982307947412011
0.0585509292439792,0.3342383186960608,0.05567915251196715
0.7848969771114676,0.7076809347409158,0.611718079490446
0.7886149646724064,0.5172690564416094,0.7297812598933554
0.44019899795549056,0.14745252670628395,0.43988557985358046
0.32819275360931155,0.43401936617387527,0.3090501544813026
0.08860042967961723,0.22061195271121126,0.08790092330308069
0.5982252940637388,0.7356631142391898,0.4339085702345553
0.9983475113929496,0.9331133313435577,0.5676471880236423
0.6425651995351915,0.421248053294072,0.6182780333843314
0.6361773647082327,0.785651618080232,0.43052641047666346
0.11833619092338732,0.40990488969628824,0.10936114553146752
0.8398022856356172,0.383832951933044,0.8203714693252283
0.5718722712271865,0.5877693608621982,0.4939190553940868
0.18447625313363936,0.3622354416522884,0.17736633314763245
0.33451128874193214,0.026196708532064794,0.3345110163514377
0.024191763891355245,0.8316970436757735,0.00593475467637554
0.2730708099728124,0.5180787662388154,0.239985812894659
0.29872557358877305,0.9406792451153405,0.12280009371994795
0.25929675886577375,0.4296568127389351,0.24303185616691494
0.8727302504846018,0.8419335667918086,0.5674956234369835
0.18610141784627732,0.8026433097957104,0.09484858283856479
0.45818688673789265,0.4829688720853552,0.42409737215829746
0.13347997241594378,0.08060151375712465,0.13346455432228607
0.7279393069737652,0.49646115235529975,0.6795535869881025
0.43685070261517955,0.7295082286523967,0.3058100569515283
0.7655128989911097,0.15890816766935356,0.7649553991633424
0.6102251494776413,0.13535408227768553,0.6099630634187603
0.7513750860290457,0.6569551562671395,0.6184721298621805
0.956614621083458,0.06895801635642118,0.9565925055455389
0.05705472115125432,0.28218707469320015,0.05557930084798304
